99 20
901958815 4
340856342 17
423336476 5
60061472 5
615536899 9
245860267 2
962532336 11
522080869 19
586546583 2
403751176 7
414023483 15
534173316 12
123653786 1
961194738 17
908543250 2
661060603 5
129856440 4
122252524 13
386655087 6
313171869 9
625717449 7
980362291 3
343805734 9
94277915 6
993015711 1
105417350 16
105374004 11
761434917 11
36073433 17
25287327 3
661125107 5
965026609 3
994010631 11
256118956 9
25760799 6
439890035 13
389837780 13
423103733 1
899802553 4
634962277 12
575983187 18
57854286 11
524716955 8
105812236 11
978613598 5
809091493 13
686582785 15
469922103 4
37537095 5
780668664 3
967717928 6
74346172 4
294869418 4
377000942 13
543917229 7
620155274 14
200859389 13
621724241 19
765864660 13
170695948 17
603398842 6
559180919 16
387575848 11
274891722 15
172810860 3
9037204 18
639786567 3
445892773 3
256618502 18
727043161 14
296474558 10
891336794 7
921611562 4
456920930 4
857269008 3
157247713 17
757528007 8
126708132 7
739122661 14
651246953 18
146761166 3
323798585 2
761509744 8
72572881 20
704614778 5
255779559 12
845624359 16
199191104 20
40066362 7
406297203 2
826624012 9
26953372 18
683231262 10
887225342 20
702951707 3
973094289 10
533251646 20
518151382 16
749392332 11
