0
0
1
2
2
2
2
1
2
2
2
2
2
2
2
2
2
2
2
2
2
2
2
2
2
2
2
2
2
3
3
3
3
3
3
2
3
3
3
3
3
3
3
3
3
3
3
3
1
4
4
4
4
4
4
4
4
5
5
5
5
5
5
5
5
6
6
6
6
6
2
6
6
6
6
6
6
6
6
6
7
7
8
6
8
8
8
8
8
6
8
9
7
9
9
7
9
9
9
9
9
6
9
9
9
10
2
10
10
10
10
10
10
7
10
10
7
11
11
11
11
11
11
11
7
7
3
11
11
11
11
11
11
7
11
11
12
7
12
7
12
12
12
11
12
12
12
7
12
12
12
12
12
12
7
13
7
13
13
13
13
13
7
14
14
14
14
14
7
14
14
14
14
14
14
14
14
14
14
14
14
7
7
15
7
7
15
3
15
7
7
7
15
15
15
7
15
15
7
15
15
15
16
16
16
16
16
16
16
16
16
16
16
16
16
16
16
16
4
17
17
17
17
7
17
10
17
7
17
17
17
4
18
18
7
18
18
10
18
18
18
18
7
7
18
18
18
18
7
18
18
7
18
18
18
18
19
7
19
19
19
4
19
19
19
20
20
20
20
20
20
20
7
20
20
20
20
7
21
7
21
21
21
7
22
22
22
22
22
22
22
7
22
22
22
22
22
22
22
22
0
22
23
23
23
23
23
23
23
23
23
23
23
23
23
23
23
5
8
23
4
8
24
24
24
24
24
24
8
24
24
24
24
24
4
9
8
26
3
26
26
26
26
9
26
26
9
26
26
26
26
26
26
9
27
27
10
27
27
27
5
27
27
27
27
9
27
27
27
9
6
27
27
27
9
27
27
28
27
28
28
28
28
28
3
29
29
2
29
29
29
29
10
29
29
30
10
30
30
30
30
30
30
30
9
30
9
31
30
31
31
9
31
31
31
31
31
9
9
9
10
32
6
32
32
32
32
32
32
32
32
32
32
32
32
32
10
10
33
33
33
33
10
33
6
34
11
34
33
34
10
33
34
33
11
33
34
34
33
33
34
34
11
34
10
34
34
34
33
34
34
4
34
34
34
3
1
11
34
34
10
34
6
4
34
11
34
34
11
34
34
34
34
34
35
35
35
3
35
35
36
11
36
36
36
36
36
36
36
36
36
37
37
37
37
37
37
37
12
37
37
37
37
37
37
38
38
38
12
38
38
38
38
4
39
39
39
39
39
39
12
39
12
7
7
40
4
41
7
41
41
41
41
41
41
41
41
41
41
41
13
41
41
41
41
41
41
13
41
4
41
42
42
4
41
42
42
10
13
42
42
43
43
43
43
7
43
43
43
43
43
43
43
43
43
43
44
13
13
44
3
44
13
44
13
3
13
7
44
45
45
45
13
45
13
45
45
14
45
45
45
10
45
5
45
45
46
46
46
46
46
46
46
46
10
46
46
14
47
47
47
47
46
47
47
47
3
47
47
10
15
47
47
47
47
48
48
48
48
49
49
7
49
49
5
49
49
15
5
49
49
49
49
5
49
15
49
15
49
15
15
49
49
49
49
49
16
49
49
15
50
50
50
50
10
50
50
50
15
7
50
50
50
50
50
50
15
51
51
51
51
51
52
52
52
52
52
52
52
52
52
52
52
52
52
10
52
52
52
52
52
52
52
52
53
53
53
7
53
53
53
7
16
53
53
53
16
53
16
53
53
53
53
53
53
53
16
54
54
54
7
16
54
54
54
16
54
54
55
55
54
55
55
55
55
55
55
55
55
55
55
55
55
10
55
3
7
55
55
55
55
56
56
56
56
56
56
56
56
56
56
56
56
56
56
5
7
56
56
56
56
56
56
56
56
56
57
10
57
57
10
57
57
57
57
57
57
10
18
10
58
58
58
59
10
59
59
59
18
60
60
59
60
60
60
5
60
18
60
60
60
18
60
60
60
5
60
18
61
7
61
61
61
18
18
61
61
61
5
61
18
7
10
61
3
61
61
61
61
61
62
62
18
18
62
62
62
19
3
62
62
62
62
62
10
62
62
62
62
62
62
62
63
63
10
64
10
64
64
64
7
64
20
64
64
64
64
64
65
65
5
10
65
65
65
65
65
65
20
65
65
20
65
65
65
65
65
20
10
65
65
65
10
65
65
66
66
66
66
66
66
66
66
10
10
10
20
66
66
67
67
67
67
7
67
67
67
68
68
68
69
69
7
69
21
69
69
69
69
69
69
69
21
69
21
21
69
69
69
69
21
69
69
69
21
20
69
67
69
69
69
70
67
70
70
70
70
10
71
71
5
71
71
10
71
71
71
71
71
71
20
71
71
71
72
72
6
72
72
72
72
22
20
72
10
72
72
67
72
72
67
72
10
22
67
73
73
73
67
72
73
73
73
73
73
73
73
73
10
67
73
73
73
67
73
67
73
73
22
23
23
73
73
10
74
16
67
74
74
74
74
74
23
75
75
75
75
75
75
75
75
75
20
75
16
75
75
75
76
23
76
23
21
76
76
10
16
76
76
76
76
76
67
76
3
76
76
76
76
67
76
76
76
76
76
77
76
17
77
77
24
77
24
24
24
76
77
77
77
77
77
21
24
77
78
78
67
78
7
78
78
78
24
78
3
67
79
79
79
24
10
79
67
79
79
6
80
80
25
80
80
10
23
24
24
80
80
24
81
81
81
81
81
10
81
25
81
81
10
81
82
67
83
83
83
83
25
83
25
83
25
10
83
83
83
83
83
83
84
84
84
84
25
84
84
84
67
84
67
84
67
67
84
6
84
84
84
85
24
25
85
85
85
25
24
8
85
67
2
85
6
24
86
86
10
86
86
8
86
86
87
87
87
27
87
87
87
87
87
87
87
87
88
10
27
88
88
88
88
88
67
24
88
27
88
10
10
89
67
89
89
89
67
3
27
89
89
89
89
67
89
67
90
17
90
90
27
90
90
90
90
90
25
91
91
91
91
91
91
10
91
67
27
91
91
91
91
25
92
92
92
92
92
8
67
10
92
92
92
92
92
17
92
92
7
92
92
92
92
92
92
93
67
93
8
93
93
93
93
93
93
3
93
8
28
93
67
93
94
94
28
94
94
94
6
95
95
95
25
95
95
95
95
95
95
95
95
95
10
5
96
25
96
96
17
96
96
96
96
28
67
96
96
96
8
96
96
96
96
96
28
96
97
97
28
17
97
28
97
28
25
97
97
97
97
28
98
98
98
67
8
6
67
98
98
98
98
25
98
98
98
10
30
98
98
30
98
98
98
67
98
98
98
98
10
30
99
10
99
17
99
99
99
99
6
99
99
99
99
29
99
99
99
99
99
99
99
100
30
100
100
101
101
30
101
8
101
101
101
101
101
101
31
101
101
31
17
67
101
101
101
101
102
102
101
102
102
102
102
102
102
67
103
103
103
103
103
25
103
103
8
67
104
104
10
31
31
104
104
105
105
10
105
105
105
106
106
106
106
106
106
32
106
106
106
106
106
106
106
3
106
106
106
106
107
107
107
107
107
25
107
107
107
107
107
67
107
67
107
107
107
107
107
32
107
107
32
107
107
108
25
108
108
108
108
108
32
32
108
108
108
108
108
25
108
8
108
108
108
108
8
108
108
32
109
108
108
109
17
110
110
110
110
3
67
110
110
110
111
110
111
110
111
25
34
8
34
17
112
112
111
110
25
112
10
112
112
112
112
10
10
112
112
113
113
34
113
113
113
113
3
67
113
113
112
34
113
113
113
113
113
113
113
113
113
113
113
17
113
113
112
113
10
17
5
113
113
34
113
113
113
34
34
113
113
34
114
114
67
114
114
114
10
34
114
9
115
67
115
115
115
115
115
25
10
115
115
115
115
34
116
115
116
116
116
116
34
116
116
116
116
116
116
34
116
116
17
116
34
117
116
9
117
117
9
117
117
25
118
34
118
118
118
118
118
10
118
118
118
118
118
118
118
34
118
34
119
119
119
119
67
119
119
10
10
67
119
119
119
119
119
120
120
120
9
120
120
120
121
121
121
121
121
121
121
67
10
121
121
121
121
121
121
10
10
121
121
10
9
34
121
121
121
121
67
10
122
122
122
122
67
122
122
122
10
122
122
122
122
122
5
122
122
10
123
123
123
25
123
123
123
123
67
123
123
124
25
124
125
125
17
125
125
125
125
125
125
125
125
126
126
126
25
126
126
10
126
126
126
67
127
67
127
127
127
127
127
127
34
127
127
10
127
127
127
127
127
127
127
128
128
128
128
10
34
129
129
129
10
129
10
10
129
129
129
129
129
67
17
130
130
34
130
130
130
130
130
130
130
130
130
130
34
3
131
25
34
131
131
34
131
131
131
131
131
131
131
131
131
132
132
131
11
132
132
132
25
67
132
132
132
11
132
132
132
132
132
34
132
11
132
25
132
132
11
132
132
34
133
133
34
133
133
133
133
25
133
134
134
134
134
134
11
134
134
134
134
134
134
134
134
11
67
135
135
135
135
134
135
11
135
135
34
11
135
135
34
135
135
135
135
135
135
136
11
136
136
136
138
67
34
136
136
138
11
138
138
138
138
138
67
138
138
11
11
138
138
138
138
138
138
138
138
138
34
138
138
139
139
139
11
139
139
139
67
139
139
139
139
139
139
139
140
34
140
140
140
140
140
140
140
140
140
140
141
141
11
141
141
141
11
141
25
67
67
67
143
11
143
34
143
143
25
11
142
143
143
34
142
67
143
34
143
143
25
143
143
17
143
142
143
142
3
143
143
143
3
143
143
34
143
67
143
143
143
143
143
34
143
34
143
143
34
143
144
25
34
144
144
144
34
144
144
144
144
25
144
145
145
145
145
12
145
67
34
145
67
145
145
145
145
12
145
145
67
145
145
145
145
67
67
34
12
146
146
146
146
146
146
34
146
146
146
146
146
146
146
146
146
67
147
147
147
147
25
147
147
147
147
147
34
147
148
148
2
148
67
148
12
149
149
34
12
149
34
12
12
34
149
149
67
149
67
11
149
67
12
149
149
149
34
25
150
150
150
150
67
12
150
150
150
150
17
150
150
150
150
150
150
150
25
67
150
17
150
34
151
152
34
152
152
34
17
152
34
153
153
153
17
34
67
34
153
153
12
154
154
154
12
154
67
154
154
154
154
154
3
154
67
154
154
154
154
12
155
155
155
34
155
155
155
13
155
155
155
155
155
156
156
156
12
156
156
156
34
157
5
157
13
13
157
157
157
157
157
157
157
67
158
25
158
25
13
158
158
13
158
158
158
159
159
159
3
34
159
67
34
159
159
17
159
34
159
159
159
159
159
159
159
13
160
160
3
160
160
160
160
160
34
160
34
160
160
13
160
13
67
160
160
13
160
160
160
34
160
67
160
67
160
160
160
34
160
34
67
13
160
160
160
160
161
13
34
161
161
34
162
162
162
162
162
3
162
162
13
162
67
162
162
162
162
162
34
162
162
162
34
67
162
34
34
162
162
162
34
13
34
163
163
163
163
163
163
3
163
163
163
34
164
13
164
164
164
164
164
13
17
13
67
164
164
164
165
165
165
34
13
13
17
25
165
165
165
165
13
166
166
25
166
166
166
166
166
166
34
166
34
166
166
166
166
2
13
166
17
166
166
166
167
167
17
167
167
167
167
25
34
167
167
168
168
168
168
67
34
168
168
13
13
168
168
