5000 5000
2 2500 4056
2 269 1505
1 1594 4205 0
1 30 4898 0
2 2846 2846
1 1084 3973 1
2 728 2717
1 1174 4346 1
1 1219 3536 1
1 921 4963 0
2 951 2272
2 1705 1705
2 2509 2509
2 524 524
2 120 2739
2 631 1551
2 2251 2978
2 4170 4170
1 343 3806 0
2 4064 4064
1 990 4862 0
2 1645 4248
2 525 4100
2 2865 2865
1 487 3675 0
1 280 3978 0
2 1751 1751
2 590 3261
2 225 2838
2 2967 4533
1 284 4091 0
2 3400 3400
2 1717 1717
1 536 2969 0
2 1534 1534
2 2649 4092
1 977 4123 0
2 2841 2841
1 370 4715 1
1 720 2651 1
2 1472 2801
2 4342 4342
2 517 1984
1 895 3759 0
2 2288 2518
1 856 4697 2
2 3673 4051
2 1925 1925
2 1098 4955
1 1513 4800 1
2 753 4867
1 1094 4177 0
2 2385 3379
1 335 2939 0
1 2 4522 2
1 950 3809 0
2 3421 3421
2 4714 4714
2 1497 4761
1 1734 4994 2
2 1367 1488
2 2048 2048
1 317 3681 0
1 26 4492 0
2 3223 3223
1 420 4629 1
2 178 2254
1 788 4819 0
2 92 4394
2 1336 1336
2 995 995
2 735 4779
1 565 3744 0
1 364 4482 1
1 1485 3156 0
1 95 3868 0
2 1585 1585
2 889 1534
1 14 2141 0
2 4680 4680
2 175 175
1 702 4808 3
1 1380 4331 0
2 1381 1381
1 1118 4175 0
1 40 4737 0
1 575 3748 1
1 2098 4318 0
1 112 3452 1
1 1847 4264 0
2 2159 4812
1 1132 4023 0
2 3247 3247
2 2293 3945
2 769 769
1 1695 4934 3
1 184 4977 3
1 18 4989 0
1 1593 4470 0
1 459 2441 1
1 1183 3152 0
2 2836 3286
1 457 3501 0
2 4747 4747
2 3482 3482
1 1339 4139 3
1 506 4440 0
1 1454 3986 3
1 1125 4255 4
1 988 3768 0
1 1456 3313 3
1 1612 4715 0
2 1327 4759
1 18 4900 4
1 30 4771 0
2 2116 2116
2 389 2229
2 1186 4274
2 692 1208
2 779 3674
1 675 3105 0
2 1015 3120
2 81 896
1 177 4466 1
1 1303 4630 4
1 2915 4650 3
1 2306 4418 5
2 3662 4378
1 2520 4359 0
2 2581 2581
2 365 4016
1 331 4943 5
1 40 4643 0
2 2231 2231
2 11 4591
1 1347 4420 11
2 205 205
2 716 756
1 346 4610 1
1 2744 4858 3
1 336 4480 2
2 2788 3135
2 3930 4981
2 416 1383
1 138 2573 0
1 437 2581 1
2 4249 4249
1 147 3994 4
1 792 4301 0
1 91 4856 1
1 33 4945 5
2 2695 3430
1 878 4895 1
2 73 4237
1 11 4908 4
1 391 4490 1
1 2147 4585 0
2 1410 1410
1 962 4316 1
1 2282 4527 0
1 1518 3688 2
1 2919 4916 0
2 4761 4761
1 2024 3996 6
1 466 4513 0
1 52 4672 0
1 396 3261 6
2 402 674
1 788 3119 4
2 2327 2739
1 1276 4031 6
1 2302 4997 5
1 2715 4992 1
1 765 4376 6
1 1465 4630 7
2 3991 4026
1 1597 4151 7
2 4471 4471
1 453 2412 0
1 641 4908 5
1 911 3449 1
2 1586 3355
1 1813 4558 0
1 1222 4244 6
1 1191 3406 7
2 3363 4594
2 3569 3569
1 1024 3705 0
1 3304 4985 0
1 179 4747 4
1 617 3467 6
1 1124 3468 6
1 958 3989 4
2 2390 2390
1 1134 4131 4
1 561 2336 8
2 3725 4991
1 273 3793 4
2 4417 4417
2 2874 2874
1 11 4606 0
1 393 4092 0
1 431 4849 4
2 933 4325
1 28 4903 8
1 417 4856 8
1 2214 4595 6
2 1064 1064
2 73 1719
2 542 2169
2 1072 1072
2 4234 4234
2 3971 3971
2 360 3832
1 315 4662 14
2 1359 1359
1 153 3693 0
2 1904 1904
1 324 4069 6
1 2682 4505 0
1 917 3866 6
1 948 3688 2
1 840 4517 6
2 4782 4782
2 2910 2910
2 757 3142
1 1430 4420 0
1 1793 4944 0
1 571 4994 0
2 1802 3731
1 166 4794 0
1 321 4234 3
1 646 3779 9
2 3167 3386
1 2460 4519 9
1 967 3408 0
2 181 181
2 2066 4115
2 2593 2629
1 2228 4643 6
2 3848 3848
1 41 3967 2
1 2042 4691 9
1 2294 4107 6
2 4225 4225
1 151 4874 0
2 3764 3764
2 1 3537
1 1212 4040 3
1 805 4309 2
1 429 4424 0
2 4589 4589
2 2149 2149
2 3371 3371
1 344 4853 6
1 698 4191 10
2 157 712
2 1830 1830
2 2921 2921
2 4042 4042
1 1302 3741 9
2 621 2877
2 1510 1510
2 3438 3821
2 2285 2285
1 237 4729 2
1 862 3837 10
1 1045 4233 10
1 1541 3607 3
1 55 4601 6
2 824 824
2 865 1004
2 194 194
1 77 2383 0
2 1336 1495
2 237 4396
1 705 4384 0
1 211 4222 9
1 943 4734 1
1 1630 4813 0
1 1822 4371 9
2 505 2939
2 995 1866
2 3805 3805
2 1731 1731
2 569 569
2 3621 3621
2 2570 2570
1 511 3002 2
1 1526 4325 11
2 568 2618
1 438 3676 0
1 398 3816 0
1 501 4924 3
2 485 485
1 853 3727 0
2 2474 2614
2 4761 4761
2 2485 4151
2 3618 3618
1 656 4718 1
2 1879 2920
2 307 1452
2 160 3787
2 2233 2233
1 49 1768 0
1 1513 3243 11
1 1289 4187 0
1 809 4477 0
1 30 4907 11
1 1020 3919 9
2 3760 3760
2 4539 4906
2 592 4574
2 3479 3479
2 1743 2237
2 1597 2839
2 1648 2792
2 237 3296
1 156 2876 0
1 797 4937 12
2 489 489
2 2537 4018
2 4730 4730
1 30 4897 4
2 170 2440
1 773 4988 0
1 808 4845 0
1 632 4879 11
1 27 4523 12
2 3015 4053
1 281 4909 0
1 1628 4220 0
2 3525 3525
1 1368 4852 8
2 3125 3125
1 864 4192 9
2 1830 2905
2 4449 4449
1 1537 4006 12
1 1265 4510 0
1 1400 4701 11
1 3 3964 1
1 132 4478 4
1 1438 3899 13
1 1467 3396 12
1 62 4563 1
2 3873 4481
1 45 4029 13
1 846 4400 11
2 2671 3846
1 323 3965 0
1 1554 4469 3
2 1836 2469
2 967 2417
2 903 2211
2 4465 4465
2 2016 2374
2 1017 4277
2 3796 3796
1 980 4765 0
1 973 4635 0
1 584 4819 4
1 590 4565 12
1 112 4904 11
2 1711 1711
2 2125 4391
1 2129 4804 0
2 2919 3060
1 174 3986 4
1 543 3634 13
2 2232 2897
1 155 4817 12
2 3126 4246
2 3753 3753
1 247 2599 11
2 2108 2108
2 1883 2683
2 1455 1455
1 244 4975 12
1 270 3798 4
2 632 632
1 1495 4400 4
2 1127 1127
1 69 4588 14
2 418 2068
2 397 495
1 600 4931 2
2 27 425
1 725 4881 13
2 2434 2434
2 115 115
2 277 3552
1 43 4815 11
2 1136 1136
1 927 4652 14
1 1815 4600 1
1 120 4274 3
1 2074 3861 0
2 468 468
1 487 3338 14
2 297 441
2 2972 3949
2 3505 3505
2 1581 1581
1 1998 3891 0
2 4498 4498
1 719 4442 1
1 588 4166 14
2 2095 2095
2 1129 4107
1 1543 3744 5
2 4454 4454
1 1836 3828 0
1 1351 4707 4
2 1840 1840
2 3402 4720
2 2993 2993
1 558 4573 15
2 429 4477
2 2059 4071
1 152 4597 20
2 2911 4361
2 196 3279
1 500 4932 3
1 2024 4417 15
1 26 4944 3
2 451 3203
2 306 3864
2 1462 3992
1 80 4452 1
2 2424 2424
2 1288 1288
2 3807 3807
2 1147 1347
1 56 4938 15
1 1828 3533 0
1 2722 4817 0
1 596 4911 3
2 2890 4093
2 3125 4380
2 1659 1659
2 1416 1416
1 1700 4765 15
1 2061 4766 4
2 636 3530
1 350 4702 1
1 69 4343 0
1 115 4019 16
2 4841 4841
2 3098 4680
1 2306 4144 1
2 1235 1235
1 2587 4265 0
2 3824 3824
1 222 4980 0
1 38 4999 1
2 1605 1605
1 115 4348 16
2 4496 4496
1 69 2600 0
1 2649 4930 3
2 664 1284
2 4275 4275
2 43 4209
1 266 4988 16
1 1159 3947 0
2 609 609
2 207 3308
2 1903 4816
2 2114 2114
1 2484 4718 15
2 260 260
1 808 4049 0
1 1516 4484 0
1 1863 4653 17
2 3983 4660
2 272 3733
2 448 448
1 1968 4630 17
1 822 3677 16
1 680 3345 0
2 3754 4797
2 4057 4057
2 4327 4327
2 1943 1943
2 1156 3691
1 471 3242 0
1 86 4769 0
2 1382 2836
1 815 4668 16
2 1944 1944
2 258 841
2 775 1079
1 81 1924 2
2 44 2161
1 60 4343 3
2 2410 2410
1 1362 3781 17
2 2610 2849
2 3422 3648
1 1597 4907 3
2 556 556
2 1375 4256
1 93 3259 15
2 3359 3901
2 422 422
1 671 4998 5
1 144 4797 3
2 2497 4084
2 1907 4712
1 721 3765 3
1 415 4467 3
2 2932 2932
1 115 2585 17
1 38 4490 5
2 316 3386
1 605 4386 18
1 35 4960 6
1 1678 3630 18
1 1263 4874 3
1 1226 4034 15
2 3118 3118
1 647 4062 1
2 4667 4667
2 1248 1248
2 38 1893
2 3615 3615
1 128 2907 17
1 56 3169 2
2 4823 4968
2 1744 3557
1 2782 4790 0
1 282 4694 18
1 120 4712 2
2 1580 1580
1 21 4996 2
2 3061 3061
1 35 4977 19
1 1450 3500 5
1 354 4824 17
2 771 3232
2 1478 4733
1 781 4833 17
1 453 4152 19
1 4 4991 1
1 574 4803 2
1 6 4442 18
1 44 2397 4
1 1803 3948 0
2 2902 2902
1 579 3697 19
1 104 4282 0
1 2159 4045 1
2 2473 2473
2 951 3509
2 933 3313
1 1413 4426 19
2 1597 2828
2 395 395
1 296 4844 0
2 365 2562
1 132 3906 1
2 3483 3520
2 2923 2923
1 973 3382 8
1 1356 3670 4
2 4113 4586
1 1551 4574 0
1 111 4964 20
2 1184 1184
2 3842 4135
2 563 563
1 267 4436 20
1 528 4302 4
2 3269 4204
1 2941 4880 19
1 851 4765 0
2 3117 3117
1 742 3381 0
1 1648 4021 0
2 3344 3344
1 74 2961 20
2 404 623
1 307 3340 2
1 2208 4879 0
1 171 4833 21
2 2355 2355
1 1923 4618 2
2 2631 2631
1 9 4883 0
2 1646 2677
2 4051 4051
1 215 4948 21
2 34 3483
1 9 4847 0
2 2636 3519
1 484 4460 2
2 1542 1542
2 1179 1179
1 913 4627 20
2 490 2500
1 191 4848 0
1 176 4209 0
1 1122 3403 7
2 1054 2001
2 1923 1923
2 3473 3473
2 3152 4087
1 2054 3942 21
2 1449 1449
1 8 4556 0
2 1690 2916
2 656 4939
2 6 6
1 349 4063 0
1 1821 4574 0
2 2973 2973
1 2370 4221 5
1 722 4343 22
1 947 3788 7
1 2059 4703 22
1 32 4907 7
2 1487 1487
1 747 4678 0
1 63 4907 0
2 1965 3766
1 375 3767 1
2 1418 4533
2 587 4469
2 3209 3377
1 489 4354 21
1 1225 4695 22
2 9 4968
2 2623 2623
1 14 4924 0
1 1339 3572 6
2 3668 3668
1 117 3244 0
1 3129 4858 21
2 3737 3737
2 2804 4171
1 707 4009 0
2 4011 4011
2 1151 2413
2 1203 1203
1 1121 4796 7
2 3351 3351
1 934 4459 0
2 922 3197
2 238 238
1 251 2201 0
1 1548 4086 6
2 539 539
1 2801 4877 0
2 2436 2912
2 4901 4901
1 342 2207 4
1 71 4861 23
2 425 425
1 59 4918 23
1 820 4740 0
2 945 3114
2 579 3924
2 253 4859
1 738 4899 23
2 2150 2150
2 3742 3742
1 641 2837 0
2 3662 3662
1 769 4518 21
2 300 461
1 288 4580 0
2 2603 2603
2 1901 2235
1 857 4744 8
1 409 3945 6
1 1219 4457 8
1 437 2529 0
2 3473 4511
1 690 4290 21
2 504 4788
1 1672 3425 0
1 153 4972 6
2 2316 2316
1 47 4914 24
1 267 4870 24
1 301 4523 0
1 1303 4978 2
1 665 3377 0
1 258 4560 0
2 4920 4920
1 2683 4842 21
1 104 4949 24
1 805 2942 0
1 155 4634 5
2 497 1034
1 1893 4991 25
2 675 675
1 845 3684 21
2 1270 4269
2 62 62
1 229 4200 25
1 732 2779 8
2 2668 4837
2 1649 2506
2 3989 4713
1 909 4261 21
2 1820 4434
1 564 3562 0
2 796 796
1 850 4663 25
1 723 4248 24
2 1916 2328
1 338 3239 0
2 2447 2447
2 4457 4457
1 713 2822 5
2 2543 2543
1 259 3982 0
2 2722 4556
2 2320 4849
1 662 4978 7
2 1361 2520
1 415 3446 24
1 28 4842 0
2 209 4697
2 2993 2993
1 1 5000 0
1 359 3772 7
2 243 802
1 143 4042 8
1 2716 4705 26
1 413 4046 7
2 1262 4326
1 105 4282 0
1 413 4884 26
2 1184 3656
2 4336 4336
2 815 2393
1 148 4271 0
1 19 4899 0
2 1878 3125
1 450 4463 24
2 2555 2555
2 103 103
2 2904 2904
2 3849 4422
2 1995 1995
1 123 4789 24
1 430 4460 0
1 257 3460 7
2 1835 2632
2 1101 1101
1 819 4804 8
1 1716 3434 26
1 586 4411 0
2 2115 2482
2 2400 4519
2 2019 2019
2 1044 1044
2 232 232
1 18 4065 8
2 3956 3956
2 1268 3804
1 867 4467 26
2 2355 3455
2 4467 4467
2 1444 1798
2 3640 4715
1 334 3498 27
1 673 2608 5
2 3455 3455
2 3937 3937
1 2692 4793 8
1 1279 4872 7
2 2111 2111
1 1684 4786 27
2 2504 4664
1 1416 4283 1
1 328 2810 7
1 687 4712 27
1 1616 4975 0
1 158 2017 8
1 2833 4693 0
2 3864 3864
1 1719 4101 0
2 2127 2585
1 2973 4877 7
1 2037 4918 42
2 3927 3927
2 80 80
1 56 3977 0
1 350 4812 7
1 266 4909 28
2 1670 4765
1 429 2334 0
1 696 2608 28
1 2094 3773 7
1 277 4565 28
1 544 4389 9
1 239 4714 8
1 1310 4130 8
2 1834 2292
2 16 16
2 2212 2212
2 3392 3908
1 837 4939 0
2 2647 3444
1 834 4206 0
2 2646 2646
1 65 4519 0
1 2497 4559 8
2 1052 1052
2 3745 3745
2 2677 2677
1 2932 4737 8
1 483 4231 8
1 1400 3607 29
1 581 4944 29
2 2431 3152
2 973 973
1 854 4892 0
1 1197 4379 8
2 1522 3408
1 766 4927 0
1 76 4686 29
1 1752 4339 3
1 1446 4258 0
1 1921 4637 0
2 2320 2905
1 286 2020 0
1 46 4964 0
1 3022 4865 0
2 306 3445
2 4115 4115
2 85 4882
2 1639 2097
1 230 3971 8
2 116 3080
2 4513 4513
2 1020 4400
1 1354 3881 30
2 4721 4721
1 700 4238 0
1 763 4592 1
1 24 4903 0
2 1510 1510
2 4138 4742
1 463 4823 30
2 1981 1981
2 1447 3859
1 605 4818 0
1 78 4995 8
1 1700 4684 1
1 200 3601 0
1 1652 4664 2
2 4569 4569
2 3825 4761
1 529 3836 30
1 27 3087 0
1 1495 4403 9
2 2097 3632
1 104 2553 0
2 1912 4837
2 2569 3075
2 706 3985
2 474 474
1 272 3443 0
1 1697 4662 31
2 4554 4707
1 247 4137 2
1 1821 4831 0
2 418 418
1 638 3346 0
1 840 3365 30
1 390 4829 0
2 1057 1057
2 3038 3038
2 150 314
2 3398 4126
1 918 3617 31
1 48 4152 0
2 2016 2016
2 4162 4555
2 3956 4473
2 2718 2718
1 329 4703 23
1 940 3674 9
2 1632 1632
1 750 4329 9
2 1969 1969
2 2952 3880
2 80 2018
2 586 3108
1 610 4960 30
1 632 4769 0
1 489 4040 0
1 497 4483 31
2 86 1574
1 445 4464 30
2 3202 3202
1 69 4896 3
2 1447 4099
1 1787 4933 9
1 674 4099 32
2 4517 4517
1 952 2696 32
2 4269 4995
2 3412 3412
1 69 4986 0
1 2539 4860 32
1 85 4524 9
2 3839 4016
2 2660 2660
2 975 1441
1 77 4976 1
1 757 3118 0
1 67 4875 0
1 2720 4901 30
2 4419 4419
1 1960 3665 0
1 132 3257 31
2 314 4660
1 379 3223 10
1 181 2593 33
2 202 202
2 1126 2705
2 654 712
2 2593 2881
1 1523 4872 31
1 756 4706 9
2 4152 4281
2 1737 1737
2 4748 4748
1 392 4214 2
1 2324 4411 0
2 3730 4217
2 198 3231
2 3239 3596
2 497 497
2 3892 4449
2 1597 1981
1 183 4990 0
2 924 4495
2 3026 4378
2 4220 4220
1 1171 3708 33
2 2319 2608
2 2016 4291
2 406 406
2 490 4147
2 4775 4775
1 35 4919 0
2 863 3133
1 580 3846 10
2 1304 3909
2 3086 3442
2 3931 3931
1 1475 3449 1
1 411 4458 2
2 1303 1303
1 345 4469 0
1 1249 3803 30
2 1725 2453
2 4810 4913
2 849 4828
1 210 3706 30
2 1514 2590
1 18 4438 33
2 286 4455
2 50 50
2 5 5
2 76 696
2 3106 3106
2 106 2909
1 195 2644 2
2 4483 4483
2 2788 2788
2 285 285
2 4867 4867
2 4162 4162
2 620 1119
2 2017 4152
1 749 4793 23
2 1493 1789
1 449 4456 30
2 885 885
1 1270 4756 8
2 2003 2003
2 2100 2100
2 1989 1989
1 391 2957 10
2 2618 2618
1 1870 3823 2
2 1446 1446
1 1147 4489 34
1 328 4479 30
1 547 4478 10
2 1899 1899
1 22 4505 34
1 702 2923 0
1 1511 4220 34
2 1763 4263
1 901 4360 30
1 202 4683 33
2 215 4821
1 350 4918 0
1 44 4959 30
1 2047 4969 34
1 411 4348 30
2 21 21
1 787 4754 0
1 567 4669 0
1 327 3244 0
2 2285 3421
1 87 4645 2
2 401 3689
1 39 4668 35
2 2147 2147
1 424 2649 33
1 1359 4944 35
2 439 439
2 3546 4226
2 1924 4747
2 2654 2654
1 2058 4568 0
1 1392 4917 35
1 886 4299 9
1 356 4128 34
2 2581 2581
1 395 4908 0
1 2075 4727 9
1 949 4807 0
2 4014 4014
2 1768 3990
2 1256 4953
1 1741 3587 36
1 17 4192 2
2 3779 3779
2 4112 4112
2 1885 4246
1 558 3993 34
2 2834 2834
2 1204 4653
1 972 4714 36
1 34 2229 11
1 399 4656 0
2 1460 1460
1 244 4280 0
2 2567 2567
2 1569 1569
2 3005 3005
2 652 652
1 877 4155 3
1 60 2482 36
2 2265 2533
2 1101 3582
1 440 3558 35
2 4149 4149
2 244 3001
1 2503 4381 35
1 535 4066 9
1 1109 4260 11
2 2642 4122
2 3029 3029
1 846 3476 37
1 1138 4493 11
1 1168 4384 2
1 337 4200 26
1 302 2242 35
1 789 3809 10
1 419 4679 35
1 70 4048 36
2 234 1936
1 839 2521 10
2 1942 3322
1 37 4075 37
1 2087 4460 37
2 2521 3228
1 1793 4866 9
1 160 4579 36
1 22 4075 35
2 4288 4288
1 633 4920 35
2 185 2092
1 131 1852 6
1 38 3299 35
1 331 2006 37
1 202 4933 0
1 608 3898 36
2 1337 1337
2 3830 3830
1 165 1944 36
1 703 4865 9
1 1975 4706 9
2 50 4011
1 209 2747 38
2 4873 4873
2 482 3595
1 1178 4655 38
2 4104 4104
2 922 4390
2 1545 2604
2 404 3213
1 1400 3367 38
1 1543 3816 37
1 64 4406 35
1 227 4270 2
2 1772 1772
1 46 2090 40
2 743 743
2 3260 3260
2 751 751
1 44 4987 12
2 306 306
1 970 4123 39
2 245 245
2 1394 4700
1 122 3451 38
1 917 3905 35
1 615 3155 8
1 1951 4058 35
1 1569 4828 0
2 4832 4832
1 441 4697 37
1 451 4973 39
1 1385 3509 40
1 724 4541 11
2 1548 4730
1 2305 4186 39
1 1949 3969 38
2 286 286
1 183 4479 2
1 593 4948 37
2 3301 3301
1 133 4866 40
1 534 4355 11
1 19 4172 2
1 611 4091 37
2 2007 3148
1 145 4499 12
2 2906 2906
2 1651 4824
1 2026 4950 2
2 3219 3498
2 3563 3563
2 930 4374
2 1894 1894
1 112 4248 39
1 1217 3137 38
2 1060 2375
2 1933 1933
1 254 4557 39
1 279 4508 11
2 2327 3182
2 1135 1135
2 2084 2886
2 1724 2669
1 209 4763 40
2 1963 2149
2 2049 2049
1 1444 4333 26
2 169 1548
2 235 3375
2 571 571
1 1880 4223 40
2 1767 1767
1 2320 4783 12
1 1079 4997 38
1 588 4786 40
1 812 4839 2
1 834 2836 41
2 4865 4865
2 4058 4058
2 856 4297
2 1398 1398
2 4821 4821
2 3080 3080
1 155 4661 41
1 198 4923 26
1 803 2946 26
1 97 4612 41
1 1802 3532 40
2 3983 3983
2 3718 3718
1 1709 4111 2
1 275 3394 40
1 413 4116 38
1 8 4273 12
2 4553 4553
1 119 4773 12
1 13 4966 4
2 4418 4418
1 1752 4581 40
1 1007 4192 38
1 2536 4498 12
2 757 4721
2 2304 2304
1 591 4686 42
2 1286 1790
1 1080 4630 12
1 1161 3487 14
1 1419 4012 12
1 1480 4483 4
1 2223 4200 42
2 2885 3787
2 3668 4260
2 2706 2706
2 190 190
2 3858 3969
2 2355 4446
2 1138 3809
2 2155 3042
1 1193 3213 4
1 2475 4663 12
1 915 2950 38
2 2170 2452
1 1692 3886 42
1 453 4722 2
1 505 4800 4
1 3008 4713 40
2 3425 3425
2 628 1268
2 3195 3195
2 1501 4571
1 303 2971 42
2 3226 3226
1 634 2841 4
1 736 3194 0
1 328 4403 38
1 569 4451 2
1 500 4500 43
2 3513 3513
1 346 4700 40
1 239 4740 12
2 489 489
2 267 770
2 2970 2970
1 508 4843 12
1 381 2537 43
2 34 40
2 1276 2189
2 4452 4452
1 1322 3486 43
1 1349 4696 42
1 753 3520 2
2 2362 4244
2 965 965
1 359 4124 38
1 171 4801 12
2 40 40
2 165 522
2 292 292
2 677 1574
1 782 4964 44
1 1204 3741 44
1 59 4945 42
1 33 4622 42
1 1182 3175 0
1 682 4620 2
2 2005 2005
2 2022 4390
1 112 4208 43
2 2325 2325
1 832 4204 44
2 4447 4607
1 9 4076 2
2 3064 4766
2 839 839
1 2767 4941 2
2 1438 1438
2 2194 2222
1 1951 4682 13
2 4335 4335
2 3000 3000
2 1378 4217
1 92 4666 43
1 637 4942 8
2 1345 1401
2 4643 4643
1 200 4928 12
2 2828 3876
2 115 115
1 2682 4545 38
2 2116 2116
2 2260 2260
1 203 3198 43
1 1117 3684 8
1 24 4959 13
1 714 4102 14
1 776 3159 45
1 61 4490 45
2 1654 4147
2 1361 1361
2 1726 1726
1 844 3801 43
2 2477 4945
1 468 4385 45
1 917 4068 0
1 549 2993 8
2 4144 4530
2 255 4214
1 264 4082 13
1 254 2939 12
2 1652 1652
2 1709 1709
1 232 4939 8
2 4800 4800
1 2021 4207 13
2 3710 3710
1 453 4328 38
2 2168 3621
1 1245 3567 13
2 4434 4434
1 1334 3701 46
2 3132 4446
1 506 2830 12
2 507 2858
2 129 3272
2 1470 1470
2 3995 3995
2 3035 3046
2 3024 3024
2 2735 2735
1 232 2351 46
2 4969 4969
1 12 4738 14
1 2052 4225 10
1 1671 3800 13
1 2747 4416 46
2 3752 3752
1 2176 3929 12
2 2292 2292
1 1260 3288 8
2 4571 4571
2 444 1018
1 1787 4654 48
2 1544 3578
1 540 4358 12
1 402 3617 38
1 2087 4951 13
2 2970 2970
1 3 4996 8
1 150 2596 2
2 2499 2499
2 2633 3659
1 1260 4968 47
2 1201 2545
2 731 2348
1 863 4108 38
2 1259 4799
1 955 3003 38
2 1261 1261
1 36 4643 6
1 1945 4980 13
1 517 4275 48
2 3618 3618
1 1097 3844 12
2 3880 4573
2 118 204
1 342 4442 46
2 2539 3062
1 1173 3540 47
1 176 4780 8
2 2197 4046
1 876 4832 48
1 20 4340 47
1 163 4628 14
2 4856 4856
2 1084 2604
2 1013 4813
1 2272 4518 12
1 2542 4669 48
1 1679 4990 47
2 4238 4647
1 3221 4984 48
1 123 2660 8
2 4877 4877
2 508 1764
2 3296 3296
1 731 4724 48
2 3688 3688
1 80 4984 14
1 974 3759 12
2 395 4999
2 117 117
2 2009 2039
1 110 4698 8
2 502 502
2 872 1668
1 237 4268 48
2 857 857
2 2699 2726
2 1166 1166
1 185 4898 0
1 206 2259 48
2 689 689
2 1723 1723
1 592 3591 47
2 1646 1646
1 1761 4717 15
1 182 4133 2
1 2143 4562 0
2 1731 1731
1 393 3505 47
2 2178 2178
2 1349 1349
1 2646 4755 15
2 4246 4246
2 3018 3457
2 3844 3844
1 1602 4673 48
1 138 4526 2
1 294 4235 47
2 959 959
1 100 4514 49
2 908 2219
1 1120 4146 15
1 734 3843 2
2 2328 3422
1 605 3470 0
2 1427 1427
2 3885 3885
2 4696 4696
1 683 2763 4
1 261 4634 33
1 1016 3476 49
2 285 2390
2 3457 3457
1 2012 4838 48
2 2607 3235
2 1005 1005
1 807 3637 2
2 213 213
1 914 4837 49
1 770 3810 49
1 2332 4376 49
2 4142 4142
1 2567 4898 15
2 1332 1412
2 267 2889
2 3555 3555
2 452 2210
2 2178 3259
1 61 4511 50
1 50 4801 33
1 517 4754 2
2 830 830
1 657 4875 50
1 2625 4456 48
2 2190 3860
1 716 3484 48
1 291 4354 15
1 18 4688 33
2 569 2713
2 3959 3959
1 702 4927 15
2 3089 3089
1 191 4550 50
1 211 4965 49
2 74 2695
1 309 2715 0
1 24 3528 33
1 2217 4603 51
1 980 4448 15
1 645 3075 51
1 465 4654 15
2 3276 4267
2 657 1272
2 1144 3616
2 1458 1878
1 1929 4408 0
2 4165 4165
1 3104 4862 33
1 171 4926 51
2 4193 4193
1 797 4213 2
2 1855 1855
1 65 4811 15
1 1808 4708 49
2 2674 2674
1 1004 4359 50
2 2861 2861
2 702 3310
2 1507 1507
2 1175 2390
2 2938 4855
1 392 4434 2
2 4745 4745
2 4193 4193
2 1832 1832
1 2574 4339 10
2 1422 3040
1 185 3930 50
2 1061 4895
2 3489 3489
2 3368 3368
1 181 4362 0
2 2521 3381
1 173 4953 50
2 647 4588
1 353 4033 52
2 3565 3565
2 547 1383
1 2113 4006 0
2 3263 3353
1 343 4252 0
2 183 183
2 2302 4409
2 1910 2718
1 100 4808 52
2 2551 3777
2 311 311
2 1094 1094
2 1852 1852
2 379 1664
1 2708 4502 10
2 3370 3370
2 813 813
1 1228 3386 49
1 259 2782 50
2 3043 3043
2 482 482
2 1268 2013
1 79 3947 13
1 245 4791 52
1 1051 3382 2
1 153 2821 2
2 1801 1801
2 3231 4469
2 1121 4153
2 2703 3950
2 155 2425
1 518 4135 49
2 1075 3660
1 83 2920 50
1 18 4995 52
1 1042 3479 53
2 449 449
2 2825 2825
2 636 4906
2 1964 4256
2 303 303
1 49 4892 53
1 1942 3937 2
1 1365 4010 0
2 600 600
1 9 4599 2
2 3969 3969
1 1251 4976 50
1 1782 4329 2
1 81 4477 0
1 461 3809 49
2 3708 3708
2 3726 3726
1 664 2501 33
1 283 4293 2
2 4269 4269
1 199 3848 53
1 240 3859 2
2 1677 4475
2 2771 4152
1 937 3059 52
1 712 3008 15
1 678 3293 33
1 563 4042 54
1 142 4202 2
2 2002 2462
2 1147 2402
1 704 3872 16
2 4172 4662
2 113 3101
2 3122 3122
2 2570 2570
1 1978 4562 54
2 1880 1880
2 1320 4851
2 607 4965
2 3128 3128
1 205 2237 0
1 589 4521 50
2 2912 2967
1 1510 4986 53
1 1044 4223 2
1 114 4375 52
2 1979 2267
2 1410 2010
1 484 4279 2
2 2297 3346
2 1446 4537
2 4542 4542
1 2 4991 33
2 663 2084
2 67 67
2 205 205
1 1675 3768 53
1 341 4986 54
1 2434 4935 2
2 1264 1953
1 9 4995 52
2 729 4170
2 3036 3079
1 1303 3749 53
2 3230 3469
1 662 2500 55
1 1877 4517 55
2 864 3641
2 2246 3426
1 1228 4445 33
2 3179 3179
2 132 1213
1 1002 3297 55
2 3562 3562
1 42 4151 54
2 2550 2550
1 532 4763 15
2 1443 1443
2 1883 1883
2 1526 4319
2 1481 1481
1 42 4810 17
2 3671 4499
2 3416 3416
1 1936 4284 1
2 2528 2815
2 2113 3834
1 2595 4781 33
1 385 3289 2
2 4827 4827
2 324 324
1 5 4631 2
1 466 4295 52
2 3252 4861
1 1291 3454 55
2 2819 2819
1 56 4980 33
2 2920 3331
2 1506 1506
1 759 3932 2
2 588 3626
1 454 3233 2
2 2863 4375
2 3317 3317
1 522 3523 16
1 255 4276 2
1 248 3886 61
1 462 4787 33
2 2846 3782
1 456 4642 17
1 1098 4371 52
2 2098 2098
1 20 4899 56
2 2748 3379
2 4732 4732
2 729 3843
2 4174 4174
2 4621 4621
1 1123 4895 56
2 916 2736
1 144 4210 1
1 801 4861 56
2 834 3252
1 472 4624 1
2 1475 2852
2 3714 3714
1 3271 4940 56
2 2236 2565
2 337 4176
1 809 3116 56
1 179 4954 57
1 899 3339 16
1 1089 4860 56
1 22 4257 1
1 68 4749 56
2 4679 4679
1 226 3868 5
1 251 4027 57
1 220 2610 1
1 362 4687 50
1 106 4893 57
2 1037 1037
1 1 5000 1
2 4633 4633
1 182 3440 56
2 641 2082
2 3683 4698
1 1068 4721 17
1 17 4802 50
1 59 3599 1
2 1869 2436
1 1188 4761 4
1 265 4831 1
1 736 4904 58
2 1876 3228
1 78 4349 4
1 1404 3894 56
2 4754 4754
1 386 3630 50
1 1059 4736 19
1 1616 4699 17
1 808 4524 57
2 503 1335
1 1663 4352 57
1 1873 3556 4
1 480 4674 58
2 2577 3480
2 620 2562
1 309 3428 58
2 943 1117
1 2255 4424 59
2 2662 2662
2 3591 3591
2 1659 1659
1 147 4801 4
1 180 2050 58
1 1131 3219 57
1 1112 4900 17
2 3486 4082
2 1854 2683
2 3356 3356
2 115 115
1 614 4992 16
1 1943 4808 57
2 4221 4221
2 561 1110
1 1911 4881 59
1 925 3520 57
2 3793 3793
2 2246 2246
1 56 4548 17
2 2809 2809
2 967 967
2 3136 3136
1 380 4964 57
2 638 4464
1 248 4952 50
1 247 4011 59
2 3327 3327
2 77 77
2 774 2257
1 554 4580 4
1 1842 3762 58
2 819 887
1 27 2707 60
1 3129 4893 15
2 1668 2204
1 478 4688 57
2 184 184
2 1355 1608
1 426 3972 59
2 1301 1301
1 83 4630 60
2 475 1571
1 119 3982 57
2 4409 4409
2 182 930
2 1291 1291
2 932 4318
1 1425 3285 59
2 3706 3706
2 151 151
1 633 3982 50
1 766 4435 17
2 1500 3429
2 364 543
2 321 321
2 4742 4742
2 1410 1410
1 2011 4341 18
2 4975 4975
1 312 4684 50
2 3064 3064
1 1751 4078 4
1 602 4890 60
1 855 3333 50
2 3821 3821
2 1178 3747
1 35 4957 58
2 3451 3694
1 1940 4668 61
1 351 4030 4
1 8 4835 4
2 187 1661
2 3895 4560
1 1047 4812 50
2 2868 2868
1 217 3176 4
2 949 949
2 1003 1003
2 3685 3685
1 1185 4830 18
2 1813 2185
1 654 3985 61
2 2965 2965
2 4476 4476
2 4953 4953
2 1776 3419
1 2532 4886 18
1 72 4994 50
1 2028 4627 60
1 877 4093 17
2 2605 2916
1 1290 4523 50
2 3610 3610
2 3245 3245
2 4154 4809
2 4689 4689
2 725 4765
1 322 4149 58
1 12 4985 61
2 3248 3248
2 3559 3559
2 1775 1775
1 26 2174 60
1 1169 4962 17
2 1538 2285
2 579 1354
1 1537 3739 61
1 245 4625 17
1 570 3887 19
1 340 2517 62
2 2524 2524
2 3 4610
1 1705 3849 19
1 1589 4859 50
1 97 4675 18
1 116 4189 50
1 365 4572 60
1 570 4398 62
2 2444 2444
1 1003 3486 58
1 342 4479 19
1 2892 4576 58
1 1271 3715 62
1 81 4423 19
1 1938 4837 63
1 2222 4999 19
2 4761 4761
1 740 4815 62
2 3769 3769
1 2326 4922 58
1 447 4418 62
2 4628 4628
2 4049 4049
2 2513 3860
1 112 4089 62
2 2751 3879
2 222 222
1 212 4471 58
2 4127 4127
1 72 4644 18
1 670 3677 63
2 792 792
1 42 3019 18
1 1905 4662 58
1 2410 4967 63
1 1366 3121 0
2 2325 2325
2 281 3957
2 3717 3717
1 206 3134 4
2 3410 4205
2 744 4216
1 1020 4244 18
1 110 4969 64
1 65 4808 0
2 2592 3618
1 356 3610 63
2 813 3896
2 4833 4833
2 4617 4617
2 1843 1843
2 1732 1732
1 125 4079 62
1 1598 3876 64
1 579 4702 19
1 1014 4573 58
2 922 3105
1 1200 4128 18
2 3445 3445
2 947 1433
2 2423 2423
2 647 647
2 1242 4854
2 3164 3979
1 565 2409 4
2 1053 1053
1 879 4829 64
1 505 4097 63
1 249 4982 58
2 151 4612
1 524 4575 18
2 3138 4730
2 2920 2920
2 2520 2520
1 1944 4705 0
1 1281 3510 18
2 1922 4906
2 4278 4278
2 4642 4642
1 1196 4377 5
1 1572 4269 0
2 1867 2050
2 1906 1906
2 3325 3325
1 1335 3843 64
2 4629 4629
2 1678 2807
2 1299 1299
1 782 4058 65
2 3675 3675
1 361 3720 64
1 938 3205 50
2 1870 2045
2 263 2609
2 1833 1833
2 2640 2640
1 768 4866 63
1 26 4982 62
1 562 4746 65
1 1201 3875 58
1 709 4882 63
2 1865 3551
2 2800 4557
2 3158 3158
1 807 4382 68
2 4764 4764
1 1823 4072 65
2 4587 4587
2 4681 4791
2 4340 4340
1 407 4974 58
2 2586 2586
2 3245 3245
1 1753 3955 66
2 3071 3071
1 432 4934 63
1 812 4545 58
1 640 3516 18
2 3090 3090
1 425 2207 66
2 1429 3298
1 31 3190 58
1 26 4837 66
1 1087 4004 65
2 132 4070
1 536 4846 18
1 1237 4530 68
2 53 265
2 2358 2618
2 2272 2272
1 1333 3733 4
1 787 4527 58
1 1345 4855 63
1 1830 4000 68
1 1137 3615 20
1 143 3662 17
1 536 4914 63
1 316 4968 58
2 1539 1539
1 1640 3793 67
1 226 3187 20
2 1615 3650
2 3011 3011
1 1583 4989 67
1 2512 4431 67
2 2875 2875
1 700 4687 68
1 1369 4308 18
2 2925 4380
1 1324 4387 0
2 1763 3850
1 34 4516 0
1 1301 3189 58
2 269 269
2 2662 4077
1 1217 2980 4
1 2480 4352 63
2 524 852
1 77 4698 4
1 1285 4177 4
1 860 3810 0
2 4133 4133
1 506 3926 53
2 1861 1861
1 731 4323 68
2 3108 3108
1 2336 4321 58
2 2586 4724
1 379 4908 5
2 2742 2742
2 399 3031
2 2492 4748
2 859 859
2 854 3400
2 444 855
1 312 4640 63
1 215 4936 4
1 560 4203 58
2 891 891
2 3653 3653
2 2972 2972
1 1171 3940 16
2 959 4479
2 3920 4414
1 1484 4698 68
2 288 605
2 3598 4318
2 2809 2809
1 237 1976 5
2 2246 2461
1 1731 3944 68
1 331 4338 0
1 1478 4528 4
2 875 875
1 1673 4037 5
2 4369 4369
1 53 3534 68
2 2934 2934
1 1135 3992 21
1 230 4217 20
1 218 4608 68
2 1512 1512
2 728 1666
2 4208 4208
2 942 3488
1 91 4218 19
1 1684 4757 0
1 454 4054 69
1 744 4766 68
2 3314 3314
1 1 4996 69
2 102 1381
2 3462 4842
2 842 4190
1 2325 4276 4
1 1393 3481 5
1 791 4233 69
1 260 2125 4
1 1637 3826 68
1 208 4901 69
1 161 4933 5
2 1700 4326
2 3101 4147
1 1038 3619 4
1 226 4765 5
1 184 4364 70
2 4701 4701
2 759 4427
1 4 4782 0
1 202 3810 69
1 517 2465 68
1 1579 3820 4
2 2098 4253
1 2277 4735 70
2 129 129
1 465 4808 70
2 4005 4072
2 2450 4666
1 595 2975 0
2 4779 4779
1 120 4316 4
2 3447 3447
1 379 2633 5
1 2379 4372 0
2 3755 3755
1 2359 4263 21
1 837 3851 70
2 491 3657
2 1995 1995
1 126 4076 5
1 82 4128 70
2 3834 3834
2 1704 4724
2 4453 4453
1 2093 4093 5
2 2317 3034
2 845 4351
2 2566 4173
1 1377 3680 71
1 1375 4734 4
2 2036 3836
2 2219 2219
1 105 4240 71
2 4910 4910
2 1360 1982
2 329 2885
1 238 4411 21
2 2001 2001
2 1663 1663
1 604 3408 71
2 535 535
1 317 4676 0
1 53 3748 4
2 4464 4464
1 415 4945 0
2 282 4972
2 4631 4631
2 1409 3154
2 2161 2161
2 1245 1269
2 1102 1670
2 2552 2552
1 1293 3358 0
2 575 1255
1 1763 4296 19
2 2100 3304
1 969 3386 4
2 4609 4934
2 214 1088
1 1878 4303 72
2 693 1476
2 1510 3575
2 2922 2922
2 3449 3449
2 1206 1206
2 1717 1859
1 2347 4079 0
2 2209 3070
2 3424 4225
1 300 3629 72
2 724 2424
1 833 4588 4
2 782 1846
2 1529 3106
1 1033 4488 72
1 214 4950 0
2 1947 1947
1 2 4988 19
1 73 3577 82
2 1883 1883
1 373 2948 0
2 2114 2114
2 4665 4665
1 1929 3597 0
2 1575 1575
1 1308 3583 22
1 533 4600 4
2 1475 4703
2 2260 2322
2 2772 2772
2 1244 1244
1 437 2373 0
2 1166 3701
1 1134 4786 22
1 308 4989 0
2 1320 1320
2 3407 3407
2 2057 2057
2 200 1103
1 453 2896 22
1 614 4372 0
1 1820 4034 5
2 906 906
2 619 1038
1 644 3911 22
1 1580 4727 62
2 3074 3074
1 671 4522 0
1 165 4865 4
2 2340 3913
1 515 4000 4
2 4629 4629
1 821 3477 73
1 1171 3012 73
2 1475 4891
1 118 4733 73
1 1959 3815 22
2 396 396
2 1257 1257
2 2487 2595
2 1030 2153
1 2342 4640 22
2 3114 3870
2 1957 1957
2 2889 2889
1 61 4141 0
1 363 4517 19
1 468 2833 74
1 1033 4900 74
2 1144 1144
1 536 4901 73
2 540 4923
2 1976 3509
1 293 4252 73
2 1946 4678
1 296 3351 1
2 2345 2345
1 93 4661 74
2 2259 4976
2 3409 4376
2 3360 3360
2 2668 2668
2 3754 3754
2 4462 4462
1 708 4937 20
1 414 4783 73
2 108 4035
2 379 379
1 1602 3588 2
1 928 3712 22
2 770 2980
1 166 4420 22
2 3350 3350
2 1743 1743
1 15 4148 73
1 294 4712 22
1 761 2445 0
1 1520 4822 75
1 195 3643 0
2 3236 3236
1 202 4934 5
2 13 928
2 144 3832
2 833 833
2 4282 4282
2 3534 3746
1 1048 4838 73
2 995 2631
2 4727 4727
1 577 4302 75
2 507 507
2 1044 3869
1 2073 4139 23
2 693 1861
2 1483 2547
2 3583 4053
2 3814 3814
2 1438 1438
1 387 3825 23
2 232 4707
1 3010 4726 22
1 2374 4185 22
1 1360 4289 22
1 921 4331 73
2 4989 4989
2 3760 4657
2 3643 4596
2 205 1587
2 4203 4871
1 1555 4730 75
1 811 2965 22
2 847 1556
1 327 4861 22
1 44 4619 16
1 2473 4268 16
1 232 4508 75
1 1572 3484 23
1 1093 4882 73
2 4129 4129
2 2966 4876
1 18 4606 22
2 3566 3566
1 1134 3839 22
2 3844 4611
1 69 4992 73
2 348 2351
1 991 3475 76
1 247 4584 75
2 1733 2003
2 3703 4268
1 80 3074 0
2 449 449
2 2209 2698
2 782 3564
2 513 1024
1 1959 4372 23
2 2417 2417
2 888 888
1 2005 3679 22
2 984 984
2 318 726
2 3811 3811
1 1646 4677 76
2 895 4395
2 2261 2261
1 519 2884 76
2 2034 3134
2 2599 3266
2 2100 2100
2 4456 4746
2 271 643
2 1542 3792
1 306 4991 22
1 410 4561 23
1 1705 3677 77
1 952 2955 65
1 211 4842 77
1 422 2845 22
1 1127 4723 77
2 1576 2023
2 3543 4368
2 946 1489
2 3418 3418
2 312 312
1 239 4961 16
1 172 2264 76
1 22 4946 76
1 774 3260 22
1 414 4583 22
2 2712 2712
2 26 3958
1 1279 3832 23
2 2633 2633
2 820 820
2 1662 2888
2 15 15
1 21 4377 0
1 840 3743 21
1 2076 4930 76
1 1253 4995 23
1 511 3732 2
1 533 4870 0
2 1316 1316
1 1532 3649 78
1 234 2025 76
1 1255 4757 78
2 760 3024
2 2529 2529
1 12 2721 23
1 903 3336 23
1 39 4985 22
2 3350 3784
1 2536 4285 78
1 830 4892 0
1 35 4060 16
2 1128 1128
1 241 4660 22
1 120 4525 21
1 2635 4678 0
1 172 4958 21
2 4528 4528
2 3149 3149
1 1158 4816 16
2 1260 1260
2 1907 1907
1 82 4917 22
2 1926 2973
1 133 4849 79
1 754 3661 0
2 4855 4855
1 15 3971 0
2 1977 4916
1 1324 3809 24
2 3395 4015
1 1098 2979 24
1 66 4070 0
1 1162 4659 79
1 795 4947 79
1 899 4644 16
2 336 1146
1 350 4883 0
1 1128 2954 0
2 1581 3001
2 1880 1880
1 2036 4249 22
2 4634 4634
2 4343 4343
2 654 654
1 535 3216 16
2 794 794
2 3036 3036
1 1119 2806 0
1 1903 4649 0
1 1396 4538 23
2 787 4244
1 501 4709 16
2 1073 1073
1 1097 3749 22
1 1899 4861 80
2 1927 3537
2 1654 4871
1 1858 4862 16
1 293 3779 80
2 3693 3693
2 2632 2632
2 650 4969
1 1811 4512 0
1 634 3702 79
1 420 4168 24
1 156 4990 80
1 929 4832 0
1 1859 4410 79
1 1873 4163 24
1 1073 4539 80
1 903 3442 24
2 4770 4770
1 961 3160 80
2 297 3488
2 589 589
2 1564 3501
2 1169 2474
2 343 343
2 1646 1646
1 105 4668 81
1 232 4313 0
1 593 4728 23
1 622 4866 79
2 1475 4231
1 1892 3604 4
1 247 3868 79
1 1816 4329 1
2 184 1399
1 872 2664 81
1 1865 4760 82
2 2170 2170
2 323 2526
1 777 3383 81
1 22 4923 79
2 2398 2398
1 941 3368 1
1 69 2560 82
2 3969 4431
1 1540 4783 82
1 1319 4569 1
2 839 839
1 903 3904 82
2 652 4816
2 765 777
2 1583 1583
1 5 3108 1
2 838 838
2 4677 4677
2 1391 3448
1 477 3030 79
1 837 3677 82
1 961 4785 81
1 856 4153 81
2 2469 2469
1 373 3042 7
2 1722 1722
2 687 4974
1 26 3184 0
2 2566 2566
1 1454 3627 82
2 1412 4071
1 253 3386 81
1 1508 4798 23
1 768 3201 83
2 58 1812
1 784 2809 0
1 649 2333 82
2 2652 2652
2 1471 3610
2 736 1793
2 1026 1026
1 427 4970 23
2 2017 2017
1 1064 3940 7
2 436 3363
1 1507 4312 81
2 1564 3505
2 1325 1325
2 694 3854
2 1418 1418
1 1710 4897 83
1 2049 3922 23
2 1173 4755
1 506 2906 21
1 700 4865 5
2 1327 1327
1 1822 4647 82
2 106 1323
1 1432 3314 7
2 2774 4338
1 713 3668 83
2 126 126
1 364 4853 82
1 1250 4423 0
2 3121 3121
2 3556 3556
1 8 4986 83
1 150 2299 82
1 980 4610 83
2 2514 2514
1 113 2488 24
1 825 4909 82
1 1126 4376 7
1 438 4747 84
2 1293 4538
1 20 4707 7
2 4298 4298
1 58 3058 82
1 1201 4988 84
2 1155 1155
2 3841 3841
1 3 4970 77
1 1074 3158 84
1 3092 4880 0
2 3506 4191
2 3008 3008
1 1784 3888 82
2 820 932
1 2298 4875 25
2 4265 4265
2 171 171
1 46 4496 0
2 452 2702
2 1253 1253
2 10 10
2 2205 2211
1 2482 4963 77
1 373 4783 0
1 864 3963 20
1 1501 4319 85
1 1151 4069 84
2 4921 4921
2 4284 4284
2 733 2996
2 741 2012
1 1055 4859 77
1 136 4846 83
2 374 374
1 696 3478 25
1 494 3127 82
1 1584 4930 85
1 2754 4573 85
2 3739 3739
2 624 3381
1 916 3484 84
1 426 2880 25
1 1142 4945 25
1 1082 3556 0
2 286 286
1 1205 4885 25
1 382 4261 84
2 271 2571
2 3148 3148
1 1152 4893 85
1 731 3207 4
1 2221 4115 86
1 104 4964 84
1 59 4969 86
1 129 4113 26
1 1160 4671 0
2 3645 3645
1 542 4731 25
2 2473 3836
2 4232 4982
1 233 4677 85
2 855 855
2 2615 2625
1 70 4963 85
1 645 4048 85
1 1807 4471 86
2 2829 2829
2 2982 2982
2 1749 1749
1 480 2360 85
2 1597 4242
1 93 4871 25
1 350 2724 25
2 3195 4189
2 2481 2481
1 853 4369 5
2 1108 3284
1 775 4861 87
2 385 4516
2 4518 4518
1 1341 4617 85
1 71 4946 25
1 532 4869 86
1 282 4319 26
2 908 908
2 2142 2142
1 2062 4870 85
2 1755 1755
2 2834 2834
1 1408 3854 24
2 3718 3718
2 2125 2125
1 555 3045 87
2 1390 1390
1 801 4643 85
1 690 4499 87
1 647 2909 85
2 4379 4379
2 3662 3891
1 93 3736 85
1 1282 3078 24
1 50 3216 87
1 251 4957 6
2 943 943
2 2048 2191
1 1630 4302 24
1 2676 4882 88
1 94 4973 85
1 2336 4411 88
2 4527 4527
2 4607 4607
2 1663 4786
1 314 4734 87
1 104 2569 88
1 749 3906 85
1 139 4715 24
2 1306 1306
2 4114 4114
2 1498 2654
2 4203 4203
1 175 4960 6
2 1293 1293
1 550 4879 0
2 62 62
1 512 4866 87
1 62 4791 0
2 812 1091
1 405 2466 85
1 927 2889 0
2 2083 2083
1 479 3754 6
2 2854 3378
2 2252 2252
2 131 3875
2 1195 1195
2 1908 1908
1 234 4340 82
1 954 4042 89
1 174 4872 0
2 1565 1565
2 95 4507
2 436 436
2 2625 3717
1 361 4976 87
2 962 2539
2 533 533
1 2014 4149 24
2 89 4134
2 2977 2977
1 1143 3913 89
1 1371 4818 6
1 1798 4681 89
2 297 4661
2 124 4253
1 569 4239 24
1 331 3749 23
2 4039 4283
1 385 3556 85
1 1470 4394 90
2 4425 4898
1 566 2973 89
1 2675 4457 90
2 2420 2420
1 695 4976 24
2 1789 1789
2 1321 4315
1 69 4944 0
1 589 4534 89
1 362 3689 6
2 854 2848
2 4033 4033
2 539 4080
1 1229 4464 90
2 4653 4653
1 1470 3563 85
1 22 4749 82
1 641 4760 23
2 3199 3199
2 713 1538
1 1184 2870 24
1 60 4607 26
2 856 856
1 1230 4593 6
2 1958 1958
2 1807 4587
2 3501 3501
2 1837 1837
2 4347 4347
1 734 4746 82
1 192 4942 26
1 576 2515 23
1 887 3504 82
1 365 4910 91
2 2148 2148
1 201 3544 24
1 698 4220 24
2 1537 4094
2 4013 4531
1 2047 4571 91
1 215 4635 27
1 424 4786 77
2 3496 3778
2 212 3974
2 264 264
1 471 2282 0
2 857 1298
2 4712 4712
2 2469 2469
2 2287 4144
1 2405 4600 23
2 1264 3093
2 1745 1745
2 1 4840
1 2480 4617 91
2 73 449
1 161 2720 6
2 3247 3247
1 123 3790 0
2 2186 3211
2 4926 4926
2 3836 3836
1 720 4436 26
1 301 2255 26
2 2924 2924
2 3423 3601
2 3511 3511
1 206 4932 23
2 3644 4779
1 1000 4211 6
1 722 2886 92
2 3354 3597
2 776 2108
2 1000 1449
1 2515 4952 0
2 1155 4416
1 1221 4892 27
1 122 4782 0
1 284 4617 92
2 251 251
2 2894 4019
2 2163 4073
2 3430 3430
2 2393 4847
1 1582 4770 6
1 853 4503 27
2 3692 3739
1 200 2241 92
1 338 3689 91
1 373 4811 26
1 1693 4496 91
2 1891 4890
2 68 68
1 652 4137 23
2 2358 2358
1 578 3768 91
2 162 162
1 342 2281 26
1 172 4987 89
2 930 1078
2 3194 3194
2 1526 1526
1 1697 4526 92
1 1594 4724 27
2 2688 4664
1 998 4793 93
1 295 4332 93
1 1273 4981 91
2 2704 3729
1 512 2335 93
1 1134 4520 92
2 935 2710
2 1064 1064
1 22 4959 82
2 2460 3905
1 67 4666 23
1 209 2876 91
2 2194 3795
2 737 1702
1 680 3385 26
1 190 4014 0
1 1813 3955 94
2 146 146
1 180 3589 27
1 562 4041 82
1 574 4937 94
2 3946 3946
2 3930 3930
1 1010 4674 94
2 764 2462
2 4365 4365
2 623 4138
1 1357 3975 91
1 1583 3552 91
1 222 4710 82
2 2921 2921
1 1215 4610 23
1 1501 4741 26
1 831 4968 24
2 2053 2053
1 8 4791 23
2 3950 3950
2 569 1812
1 894 3548 0
2 2205 2205
1 169 3759 77
2 1961 1961
2 4037 4037
2 3562 3562
1 929 3180 28
1 2478 4860 7
2 4562 4562
1 614 2756 27
1 255 4675 95
1 2529 4715 0
2 89 89
2 3563 3563
1 462 4932 0
2 4374 4374
2 2642 2642
1 71 2888 95
2 2398 4695
2 419 419
2 29 1692
1 59 4928 24
2 1407 4842
1 2608 4306 95
2 2594 3814
1 1089 4445 23
1 41 4171 77
2 2464 2464
2 153 918
2 60 1222
1 1606 3331 28
2 534 2947
2 1291 3371
2 527 4244
2 314 314
1 2340 4869 24
2 66 4573
2 1780 3337
2 503 4208
1 1338 3795 23
1 49 4927 4
2 2580 3280
1 747 3068 0
2 1844 2960
1 96 3017 5
2 567 567
1 884 4913 24
1 2326 4906 96
2 1873 1873
2 207 4904
2 1688 4624
2 832 832
1 1244 4640 23
2 316 421
1 1709 3846 28
2 1828 2390
1 179 4306 29
2 756 756
1 957 2883 23
2 2648 3481
1 230 3636 96
2 756 756
1 807 4957 6
2 4235 4344
1 19 4961 96
1 2093 4568 28
1 591 4641 7
1 2470 4292 0
2 3172 4398
1 563 4784 24
2 1540 4045
2 448 4476
1 1168 4660 4
1 1627 4409 0
2 2776 2776
1 1187 3079 6
2 638 924
1 2119 4720 97
2 1535 2413
1 290 4241 97
1 415 4633 26
2 2827 4652
2 1284 1792
2 1228 1228
2 4852 4852
1 1131 4252 7
1 2594 4597 4
2 127 127
1 227 4628 0
1 1796 4455 28
2 1327 1327
2 2260 3324
2 2760 2767
2 3126 4760
1 979 4907 24
2 1579 3133
2 4342 4342
2 2287 3852
1 19 4855 28
2 3646 4985
2 3084 3084
2 4663 4663
2 1090 1090
2 133 3249
2 1798 2399
2 1141 1141
2 1385 2949
2 3729 3729
1 2301 4381 7
1 1240 3803 97
1 187 4472 0
2 2651 2651
2 1269 1269
1 104 3585 7
1 51 4880 7
2 4038 4038
1 767 4893 4
2 3940 3981
2 2813 2813
2 3780 4266
2 4557 4633
1 879 3832 98
2 1053 1053
1 58 4940 7
2 3035 4119
2 4667 4667
1 1390 4991 0
1 1195 4383 29
1 467 4909 7
1 1793 4844 98
2 2596 2596
2 478 478
2 3881 3881
1 685 3161 0
1 2769 4532 28
2 3333 3333
1 38 4636 28
2 258 4869
1 205 5000 97
2 3049 4522
2 138 138
2 1908 3655
1 39 2622 97
1 420 4883 98
2 2306 2306
1 1004 2967 29
2 1795 3062
2 1974 2634
2 538 538
2 1002 2809
2 2655 4707
1 180 4736 97
1 687 4761 97
1 1182 4383 97
1 731 2866 0
1 2459 4757 6
2 3849 4893
2 1708 3132
1 1805 4581 97
1 429 2223 29
1 818 3607 29
2 3416 4772
1 212 4892 28
2 1959 2072
1 239 3762 99
1 223 4973 98
2 3809 3809
2 2546 2546
1 419 3614 28
1 147 4723 99
1 830 4949 6
2 670 670
2 3396 3396
1 664 4191 99
1 1171 3695 29
1 728 3911 6
2 2765 2765
1 2280 4999 100
2 2732 3119
2 3130 3130
2 942 942
1 1558 4739 29
2 1340 2536
1 186 2494 99
2 4907 4907
1 849 4018 29
1 1059 3836 100
2 2723 2765
1 182 2005 99
2 1942 1942
2 2453 2453
1 580 2976 100
2 1189 2093
1 953 4990 28
2 2503 2806
2 3579 3579
1 445 3241 30
2 668 668
1 2248 4773 98
2 2625 2625
1 994 2885 98
1 224 4656 28
1 1533 4876 99
1 1420 4141 98
2 3026 3026
1 1754 3491 16
2 693 693
1 12 4697 98
1 96 3200 30
2 498 498
2 1374 1374
2 1680 2520
1 101 4898 28
2 35 1733
1 1267 3283 32
1 134 4209 30
2 1937 1937
2 3181 3327
1 1172 3291 98
1 520 3914 101
2 1511 2253
2 3588 4265
1 1929 3921 98
2 4123 4404
2 3388 3388
2 3239 3239
1 513 4939 30
2 384 4547
1 1066 4993 101
2 520 2554
1 162 4197 30
2 2461 2461
2 2715 3559
1 2431 4519 101
2 711 1223
1 637 2968 99
1 2336 4617 102
2 4116 4340
2 2900 4632
2 2593 2593
2 3880 3880
1 500 4954 30
1 2670 4684 29
1 284 4322 101
2 2551 3609
1 756 3654 33
2 4421 4421
1 1237 4112 101
1 17 1776 30
1 78 2997 99
1 179 4930 0
1 457 2413 101
1 156 3641 30
2 1126 2708
1 69 4500 102
2 4036 4036
1 30 3910 16
1 23 2876 102
2 284 284
1 1687 4314 30
1 719 4948 30
1 284 3454 103
1 1825 4610 103
2 1327 1327
2 2521 4837
1 737 4098 29
2 2742 3893
1 1638 3691 102
1 1933 4166 7
1 78 4862 16
2 4776 4776
1 172 2921 103
1 1811 3593 102
1 973 2974 30
1 447 4610 16
1 437 2936 102
2 150 951
2 1164 1164
1 1179 3068 30
1 100 4723 0
2 3606 4620
1 388 4395 33
2 2163 3315
1 51 3027 104
1 481 4977 31
1 2813 4842 16
1 548 4120 102
2 2434 2434
1 737 2968 30
2 2391 2882
1 1402 4577 28
1 28 4747 30
2 4680 4851
1 1043 4563 31
2 2801 2801
1 590 3474 30
1 2860 4991 16
1 1401 3936 104
1 1090 4811 104
1 2551 4680 0
2 3189 4011
1 2144 3991 102
2 876 4571
1 263 4821 33
1 705 2935 105
2 930 2614
1 103 4975 104
1 1828 3655 8
2 2437 2437
1 530 4495 105
1 112 3726 104
2 3408 4146
1 53 3967 30
2 4034 4034
2 2356 2356
1 4 4504 31
1 2088 3764 0
1 525 4486 0
2 1323 2275
1 690 4714 104
2 1038 1038
2 659 3325
1 651 4963 104
2 811 3624
2 1292 3269
2 2191 2217
2 4002 4002
1 415 4865 105
1 2453 4814 31
1 1928 4303 102
1 248 4966 33
2 4218 4218
2 1806 1806
2 49 49
2 1323 3332
1 654 2385 31
1 705 4964 104
1 2312 4460 105
2 701 4573
1 445 2500 33
2 187 3615
1 2006 3783 31
2 2480 2480
1 1687 3507 107
1 55 4028 31
1 116 4428 106
2 2281 2281
2 2099 2099
1 104 4494 7
2 2101 2101
2 886 3141
2 596 2230
2 4451 4451
2 1223 2910
2 191 2288
1 1252 4907 106
1 969 3318 104
2 3156 3435
2 4202 4202
2 1357 3808
1 726 3337 4
2 1335 1346
1 874 3920 105
2 1657 4715
2 301 1308
2 2326 2550
1 1262 4627 106
2 1893 3814
2 303 2662
1 253 3515 102
2 2426 4190
1 203 4136 105
2 1854 1854
1 391 3839 4
2 1182 1182
2 3672 4521
2 3872 4524
2 993 993
1 1148 4868 30
2 3113 3684
1 1433 4482 106
1 2256 4783 104
2 1858 4719
1 1210 3508 0
1 89 4839 107
2 1857 1857
1 1729 4805 105
2 4449 4536
1 116 4310 102
2 2140 2140
1 1559 4570 104
2 2626 2626
2 2792 3120
2 1703 1703
1 217 4999 107
2 2823 4378
1 790 4896 4
1 229 4685 31
2 1186 1186
1 245 2954 107
2 613 613
1 32 3048 31
2 2484 3392
2 3201 3201
1 500 4801 107
1 1385 3140 53
2 3916 4150
1 2170 4956 107
1 1065 4444 30
2 4232 4232
1 2627 4452 4
1 479 4004 31
2 2437 3033
2 4289 4289
1 440 3995 31
2 1748 3122
2 255 255
1 10 4816 31
2 3768 3768
1 399 3393 107
2 1223 3514
2 3661 3661
2 1985 1985
2 209 209
2 1931 3159
2 261 4635
2 936 936
1 1469 4545 32
1 1284 3647 108
1 291 2664 108
2 1799 2728
1 725 4827 4
2 3756 3756
1 736 2442 32
1 211 3727 108
2 3829 4066
2 1214 1790
1 2117 4200 108
1 542 4805 32
1 1118 4502 109
1 1321 3579 109
1 153 4455 108
1 987 4950 33
2 465 465
1 499 4898 16
2 1652 2836
2 1714 1971
1 792 3768 108
2 1791 4062
1 833 4453 4
2 2578 3806
1 338 4489 108
2 4949 4949
1 252 4264 109
1 1397 4277 33
2 1315 1315
2 1988 1988
1 129 4301 6
1 455 4374 4
2 3961 3961
1 74 2699 108
2 2125 2982
1 539 4996 6
1 328 3199 110
1 739 4412 33
1 424 3364 108
2 2114 2229
2 4115 4115
2 2096 3998
2 3675 4929
2 2688 4398
1 735 4237 4
2 4330 4330
1 69 3617 111
2 1189 1189
1 432 4098 109
1 897 4022 33
2 4915 4915
1 356 4778 109
2 971 971
2 380 380
1 904 3966 110
1 2078 4075 0
1 379 4107 6
1 1366 3483 110
2 2897 4838
2 34 3574
2 3702 3702
2 4037 4037
1 912 3337 33
1 1398 4614 33
2 4360 4438
2 1306 3506
1 1005 4037 0
2 4742 4742
1 267 4072 33
1 899 4261 7
1 953 4406 111
2 2286 3180
1 2175 4889 110
2 1513 1712
2 914 4140
2 685 4833
1 830 4873 33
1 467 4230 0
1 2184 4058 111
1 184 2846 0
1 1102 4822 111
1 1109 4586 6
2 4739 4739
2 4765 4765
1 525 2677 6
2 3791 3791
1 3141 4968 8
1 600 4570 0
1 336 3026 110
2 527 4127
1 767 3746 112
2 1812 2005
2 776 1942
2 446 690
1 1381 4489 6
2 1654 4667
1 449 4588 0
1 21 4658 6
1 611 3799 112
2 3686 4450
2 1553 2100
1 52 4468 6
1 941 4384 104
2 3444 4202
2 53 53
1 328 3216 0
1 299 5000 0
2 1236 1236
2 2462 2462
2 2259 2259
2 3834 3834
2 1075 1075
2 7 2146
2 1811 1811
2 2391 4393
1 302 4438 8
2 1854 2762
2 1174 1669
2 3297 3297
2 2989 4073
2 1852 1852
2 527 1594
2 443 3283
2 1926 3039
1 286 2482 110
2 492 492
1 99 4820 8
1 765 2991 6
1 50 4967 8
2 1972 1972
2 2655 3854
2 3832 3832
2 2562 2583
2 4696 4696
2 409 409
2 95 95
2 869 4024
2 464 3642
2 797 797
1 88 4786 112
1 1647 4686 34
2 2688 3019
1 196 2572 8
1 303 3979 6
2 2276 3272
2 1809 1809
2 805 805
1 31 4905 110
2 723 1132
1 686 2511 110
2 1819 1819
1 610 2570 113
2 3717 3717
1 94 2292 112
1 2633 4886 30
1 523 2575 113
2 883 883
2 1468 3015
2 2420 2420
1 134 4898 125
2 1338 1338
1 2341 4955 8
1 34 4811 113
1 2337 4814 30
2 2074 4580
1 97 1763 8
1 899 4300 6
1 1245 3825 8
2 2313 4381
2 2346 2346
2 4649 4649
2 391 959
2 67 2093
2 4922 4922
1 1885 4806 8
1 611 4729 0
1 2021 4529 8
1 372 4995 114
2 1565 3020
2 1341 1341
1 142 4666 97
1 523 4409 30
1 1165 4438 114
2 2030 3688
1 870 3072 113
1 1258 3556 6
2 228 2592
2 3282 3407
2 1291 3207
1 73 4499 30
1 803 4835 113
2 159 3140
2 4310 4990
2 4783 4783
1 1345 4779 114
2 3320 3368
2 1410 2195
1 676 4787 8
1 580 4753 0
1 2713 4610 115
1 2310 4510 114
2 1878 1878
2 2334 2334
2 144 744
1 985 4015 120
1 693 4301 113
2 3967 3967
2 2514 2514
1 87 4145 0
2 3152 3152
1 261 3668 107
1 292 4917 30
1 279 4684 4
1 401 3285 115
2 851 2898
2 3481 3481
1 330 3716 114
2 3644 3644
1 87 4241 8
1 1339 3316 30
1 729 4560 0
1 990 3205 113
2 857 857
2 4170 4340
1 1265 4566 115
1 231 3807 0
2 1644 4020
1 1522 4808 104
1 500 4838 30
2 1680 1680
2 2385 2385
2 3479 3762
1 708 4922 30
1 57 4126 7
2 3499 3499
2 885 885
2 3241 4538
2 895 3337
2 508 508
2 447 3598
2 521 1100
1 2252 4206 116
1 127 4964 8
2 2689 3776
1 96 3395 30
1 958 4430 121
1 1334 4167 115
2 1888 1888
2 328 328
2 4196 4196
1 94 4989 116
1 1056 3779 0
1 160 4361 116
2 1873 2377
2 4806 4806
1 1627 4600 8
2 2620 4663
1 1335 4777 113
1 18 3675 8
2 1317 4158
1 1677 3388 116
2 4371 4940
1 260 3471 116
1 45 4966 97
1 845 4885 117
2 3578 3578
2 569 569
1 92 4884 35
1 172 4793 113
1 452 4648 37
2 657 3466
1 437 2704 117
1 130 4001 116
1 865 4932 0
2 3083 4335
2 2525 4798
1 1301 3426 0
1 135 4003 68
2 3520 3520
1 783 4619 117
2 1620 3152
2 4734 4734
2 1370 2840
2 3602 3602
2 2156 4046
2 4195 4195
1 52 4916 116
2 3169 3878
2 1058 2899
1 188 4328 68
2 745 3955
1 368 4013 116
2 1030 1030
2 3739 3739
2 940 940
1 1080 2928 118
2 138 3013
2 2731 2731
1 1881 4070 68
1 1303 4745 118
2 1479 4414
1 1968 4819 0
1 1609 3906 30
1 1113 3085 120
1 1529 3271 30
2 3923 3923
2 1557 1557
1 1730 4975 0
2 3410 4214
1 643 3529 0
2 1510 1638
1 23 4995 0
1 76 3139 0
2 4798 4798
2 4562 4562
2 1484 1484
1 969 4997 117
1 1480 4182 118
2 2253 2303
1 27 4147 0
2 2224 2224
2 26 2625
1 641 3180 0
1 977 4766 118
1 849 3139 0
1 959 4970 0
2 2279 3149
2 3164 3164
1 348 4757 119
1 156 4561 107
2 3110 4749
1 1331 3554 117
1 372 4200 119
1 1588 4111 35
1 1153 4565 9
1 1706 3471 104
1 157 4884 119
2 488 3720
1 2960 4630 0
1 935 4421 0
2 1097 3363
1 2012 4174 107
2 4825 4825
2 2209 4337
1 65 2720 0
2 1591 1591
1 379 2348 112
1 11 3695 9
2 700 2948
1 98 3330 120
1 970 2940 0
1 1075 4219 120
2 2574 2574
2 371 3084
2 4064 4064
2 295 2849
1 1169 4137 119
2 1622 1622
1 1953 4708 120
2 3950 3950
1 69 4211 36
1 1527 3924 119
1 427 3899 9
2 2512 2512
2 1350 1350
1 1485 4670 104
2 287 287
2 2872 2872
2 2215 2215
2 185 2206
2 2076 4509
2 3744 3744
1 2520 4939 104
2 2633 2633
2 4755 4755
2 4707 4880
1 2932 4776 104
2 2592 3988
1 405 4782 35
1 2348 4048 104
2 3421 3421
1 1601 4698 9
2 4568 4650
2 4924 4924
2 1019 1019
1 216 3975 119
2 3024 3024
1 186 3289 121
1 1029 4915 104
2 4044 4044
2 3650 3650
2 3371 4840
2 1394 1394
2 4638 4638
1 744 4628 121
2 2008 4445
2 3663 3663
2 2782 4840
1 1392 3202 103
1 594 4142 119
1 293 3014 120
1 37 5000 9
2 2197 4703
2 1324 1324
2 2962 2962
2 2023 2332
2 3114 4343
1 359 4960 121
1 526 4518 104
2 4622 4622
1 51 1870 104
1 144 4592 35
2 2624 4448
2 697 2557
1 722 3100 9
2 3242 3242
1 582 3711 104
1 685 4497 36
2 2038 2038
1 150 2787 104
1 2108 4279 9
1 750 2876 121
1 16 3187 121
1 1908 3821 104
2 1864 1864
2 72 72
2 4192 4192
2 2126 4589
1 326 4915 35
1 880 3929 122
2 4795 4795
2 3869 3869
1 322 4537 9
1 3 4685 9
1 63 4082 122
2 1605 4448
1 883 3842 8
2 2792 4596
2 4382 4382
2 973 1840
1 1087 3412 122
2 830 2362
1 60 4544 31
1 648 3640 9
1 83 4614 35
1 118 4472 124
1 605 4372 122
1 455 4916 9
2 2397 4165
1 1373 3734 9
1 2933 4735 122
2 2406 2406
2 872 1393
2 3726 3726
2 2890 2890
1 225 4992 122
1 2291 4297 8
1 87 4898 123
1 634 2401 9
2 1891 1891
1 1750 4436 123
1 1947 4216 9
1 482 3701 123
1 97 4926 9
2 4425 4425
1 12 4943 4
1 309 4843 37
2 4022 4329
1 290 4513 120
1 92 2117 123
1 1321 4826 124
1 1631 4149 124
1 2107 4009 123
1 39 4962 123
1 119 4678 9
2 589 4028
1 107 4396 9
1 220 3209 124
2 395 3803
2 498 498
2 257 4667
1 142 4395 9
2 686 4728
2 1543 3574
2 1774 3452
1 776 3645 123
1 896 4363 123
2 2089 3596
1 607 4305 36
1 399 4731 124
2 1542 4127
2 955 3744
2 3116 3116
1 2232 4647 125
2 3836 3836
1 1522 4850 9
1 598 4158 125
1 1421 4317 122
2 666 4738
2 365 3053
1 612 3107 123
1 2435 4707 9
1 102 2568 125
1 65 4954 9
2 4381 4381
1 1505 4182 9
1 990 4950 36
1 1674 4408 0
1 270 4514 123
2 410 3238
1 1903 4649 124
2 1144 4493
2 4617 4617
2 1732 4563
2 3469 4746
2 2065 2065
2 313 1545
1 1981 3758 9
1 1688 4652 126
2 3185 3185
1 191 4877 0
1 470 3964 126
2 1106 1316
1 2682 4515 124
1 382 4422 9
2 2183 4057
1 1805 3754 0
2 3509 3509
2 4007 4007
2 2308 4522
1 747 4620 9
1 2105 4367 97
1 185 4205 126
1 22 4663 8
1 1074 4679 36
2 2691 2691
1 351 2507 36
2 3616 3616
2 974 974
2 2268 2268
1 1357 3516 0
2 3675 4969
2 223 223
1 732 4906 123
2 1437 3352
1 2658 4708 36
2 3291 3291
2 2546 2546
1 993 3261 8
2 3201 3201
1 15 4919 37
1 245 2435 127
1 400 3103 36
2 3880 3880
1 626 3495 36
1 689 4575 120
1 845 2596 0
1 532 2330 8
2 3438 3438
1 278 4826 0
2 2453 2829
2 2085 2085
2 60 4597
1 1622 3553 127
1 1199 4795 8
1 237 4664 123
2 1693 2607
2 3228 3958
1 805 4726 36
2 4737 4812
2 340 813
1 28 4576 127
1 2229 3991 127
1 1175 3785 10
1 1368 3870 128
1 1171 3764 123
2 3257 3257
1 26 4737 8
1 3071 4804 123
1 1630 4583 36
1 373 2756 10
2 3559 3559
2 2781 2781
1 192 4451 127
1 280 3111 128
1 30 4821 127
1 1359 4823 128
2 4860 4860
2 2057 2057
2 4693 4693
2 4531 4531
2 682 1812
1 735 3793 8
2 1851 1851
2 2363 2363
1 552 4543 10
2 4203 4602
2 1805 2491
1 501 3913 41
2 194 1289
1 120 3845 127
1 2878 4837 8
2 370 455
1 54 4626 129
1 109 4961 129
1 63 4646 9
2 3323 3483
1 951 3325 127
1 1727 4694 36
1 273 3427 35
2 1523 1779
1 4 4988 129
1 513 4783 38
2 1104 1104
2 4177 4177
2 472 4856
1 1014 3922 128
1 210 3615 128
2 1745 4048
1 1934 4491 10
1 645 4172 41
1 365 4878 8
1 132 2916 128
2 959 3511
2 3381 3381
1 1091 4347 128
2 1349 3430
1 287 4909 128
2 1457 4211
2 1264 2347
2 662 4378
2 2318 3587
1 59 3171 130
1 10 4957 10
1 2268 4458 39
2 1100 1100
2 4957 4957
2 793 4726
1 1257 3263 41
2 4365 4365
2 374 1063
1 145 4869 130
1 884 3405 10
2 1028 1584
2 2650 4796
2 973 1013
1 615 4727 128
2 2067 2067
1 1043 3256 130
2 1215 2312
1 258 4933 8
2 611 2898
1 569 3080 38
2 102 4964
1 949 3497 10
1 99 4460 0
2 1252 2967
1 529 2488 137
2 1697 1697
2 2514 2514
2 4217 4217
2 2726 3818
1 2751 4708 131
1 11 4970 38
2 3129 4789
2 1545 4858
2 2109 2689
1 8 4945 131
2 4662 4662
2 2484 2484
2 2032 2032
2 3129 3887
2 4252 4252
2 1333 1333
2 2533 2533
1 13 4891 8
1 123 3211 38
1 221 4755 130
2 1918 2253
2 1927 3152
1 1770 3873 10
2 4517 4992
1 1169 4099 131
1 319 3567 8
2 1732 3126
2 216 2539
1 1382 4514 39
2 3563 3563
1 177 4914 38
1 3 4985 130
2 761 1753
2 2196 2196
2 1134 1134
2 3963 3963
2 4678 4678
1 1806 4903 0
1 1565 4451 0
2 1826 3304
2 4308 4308
1 54 4650 0
2 1468 3414
2 2619 4728
2 4827 4827
1 1545 3959 39
2 3107 3107
1 1262 4926 0
1 1224 4996 130
2 3409 3409
2 620 620
1 2620 4920 35
1 264 4183 130
1 158 4708 132
1 891 4409 38
1 1345 3343 132
2 3580 3580
2 1946 3869
2 845 1094
1 213 3979 132
2 3305 3305
1 1694 3437 0
1 1855 4604 39
2 2572 3145
1 1324 4711 38
1 867 3937 126
1 80 4961 0
2 1887 1907
2 2877 4843
2 4237 4237
1 1269 4163 38
1 556 4985 0
2 2937 2937
1 1599 4940 133
2 1924 1924
1 466 3447 39
1 2078 3954 0
2 818 2871
1 424 4921 0
2 3010 3364
1 1060 4314 39
1 294 4289 38
1 45 4892 8
2 105 2224
1 19 5000 133
2 1707 1707
1 583 4799 0
1 1351 4099 133
2 4690 4690
1 685 4729 0
1 1052 4218 126
2 2246 3393
2 952 2776
2 211 4772
2 2121 2529
2 4220 4690
2 2003 2003
1 605 4868 121
2 3721 3721
1 34 4566 0
1 251 3610 0
1 2111 4093 134
1 369 4470 140
2 1898 1898
2 286 286
2 1260 1260
2 3432 4663
1 1986 4186 40
2 3280 4277
2 2984 3308
2 3345 3731
1 1943 4545 133
2 1067 1910
2 2785 2785
1 2421 4957 133
2 4518 4518
2 1222 4444
1 7 4050 0
1 1640 4223 121
1 486 2912 134
2 2700 2700
2 947 947
2 37 199
1 400 4500 137
1 1372 4991 8
2 1369 4618
1 286 4522 134
1 56 4466 126
2 918 1857
2 817 817
1 1778 4982 0
2 2477 4500
1 1246 4562 9
1 3 4580 134
2 3104 3104
2 1850 4934
2 2417 2417
1 1867 3768 137
2 621 4715
2 49 3523
1 900 4056 135
2 3409 3409
1 634 3949 135
1 136 2615 97
2 4895 4895
1 1463 4983 124
1 2662 4523 135
2 2247 3446
1 1415 4784 8
2 2443 2443
2 2778 4914
1 1210 4233 134
1 1303 3382 126
1 585 2251 137
1 74 4611 8
1 527 3934 40
1 1606 4148 0
1 453 3856 136
1 1958 3633 0
1 969 4861 137
1 890 3539 126
2 318 4547
1 392 4984 137
2 1499 1499
2 965 965
2 4165 4165
2 3878 3878
2 3610 4945
2 4654 4654
1 484 2872 40
1 948 4493 126
1 641 4777 40
1 1008 2940 136
2 2811 2811
1 185 4508 124
1 438 2673 9
2 2305 4719
2 1265 2031
2 3175 4822
1 668 3719 8
2 1628 1628
2 1237 1291
2 1737 3136
2 875 3197
2 129 129
2 4748 4748
1 702 4421 40
1 1270 4825 136
2 1641 3778
1 20 4996 8
1 20 2957 137
1 1174 4627 8
1 105 4797 137
1 511 4916 8
1 22 4917 136
1 979 3061 10
1 130 4231 137
2 470 4262
2 802 2612
1 21 4924 8
2 3008 3525
2 3547 3547
1 2154 4383 132
2 852 4106
1 1531 4314 9
2 3299 3426
1 1600 3867 40
2 1544 3507
1 28 2540 40
1 41 4783 42
2 2223 4478
1 545 4398 40
2 891 891
1 955 2926 9
1 174 2558 41
1 1707 4056 40
2 1906 1906
2 2558 4923
1 1229 4825 138
2 2754 4590
1 11 5000 41
2 162 4178
2 80 4906
2 265 337
1 594 2562 40
2 1698 1718
1 31 4836 121
2 302 4398
1 91 4654 40
1 486 4426 9
1 837 4180 0
1 615 3841 42
1 2045 4115 42
2 1211 2699
1 92 2962 40
2 1342 1557
2 3567 4066
1 1177 3959 138
1 200 4947 40
2 2243 4178
2 2606 2606
1 673 3274 138
2 3349 3349
1 842 4013 0
2 2088 2556
2 272 3567
2 3043 4098
1 1128 4465 139
1 93 4564 138
1 35 4999 139
1 460 3156 40
1 74 4797 41
1 1186 3673 41
2 745 4124
2 460 1067
2 3332 3332
2 1872 4409
1 426 2289 42
1 1568 3305 40
1 1382 3138 40
1 945 3399 138
1 8 2282 40
2 1256 4399
2 2065 3813
2 2368 2368
2 2668 3236
1 270 4298 42
2 2034 2034
1 1008 4135 139
1 1772 4072 138
2 3428 3871
2 3127 3760
2 140 4715
1 153 4527 140
1 448 3956 40
2 2803 3317
1 679 4487 138
2 3991 3991
1 65 4699 0
2 96 96
1 155 4999 40
2 2181 2181
1 252 4614 42
1 273 3920 139
2 3922 3922
2 3872 4441
1 180 3142 140
2 278 278
2 3873 3873
2 4433 4433
1 198 3569 40
2 1473 1473
1 253 4287 138
1 174 4568 138
1 1067 4323 0
2 685 1214
1 192 4899 42
1 591 2536 140
1 1978 4641 142
1 1744 4729 138
2 1521 1521
1 716 4892 141
1 1590 3579 142
2 2429 2429
2 339 339
1 26 4243 42
2 605 4368
2 426 657
2 3535 4575
2 2399 2399
2 4340 4340
2 4567 4567
2 3616 3616
2 3080 4179
1 375 2600 41
2 1072 2752
2 1146 1146
2 3722 4000
2 1520 1520
1 2655 4704 0
1 1796 4412 141
2 2282 2282
2 546 546
2 479 4373
2 2038 2690
1 1099 3531 0
2 4341 4341
2 3056 3112
2 388 3404
1 177 4774 11
2 431 431
1 23 2462 141
2 2017 3639
1 31 4960 42
2 3933 3933
2 1510 4555
1 445 4409 140
2 4028 4028
1 589 3735 138
1 201 4866 11
2 65 65
1 2032 4171 41
1 2380 4515 142
1 214 4844 42
2 612 4420
2 145 3842
2 1964 1964
1 668 3448 42
1 1928 4696 140
1 1140 4901 0
1 245 4485 11
1 2657 4552 103
2 4979 4979
1 57 4927 138
2 3089 3089
1 1077 4486 142
1 26 3787 42
2 100 4629
1 333 4893 41
2 682 682
1 2608 4434 42
1 845 2635 142
1 1988 3975 138
2 3354 3354
2 1308 1308
2 2799 3836
2 35 3989
1 1425 4928 140
2 2930 2930
2 241 4330
2 3067 4924
2 993 993
2 153 1896
2 634 634
2 838 3949
1 8 4404 42
1 1335 4816 140
1 1509 3524 42
2 3128 3200
2 777 777
2 2725 2725
1 872 4962 41
1 894 3765 41
1 245 2347 143
2 2072 2072
1 1584 4580 41
2 4239 4239
2 413 1068
2 2198 4000
1 241 4553 143
2 169 1980
1 1572 4190 42
2 2110 4633
1 1618 3314 0
1 709 4879 142
2 1180 1180
1 243 4538 142
1 1049 4331 143
1 1458 4084 138
2 3873 3873
2 1753 1753
1 189 2766 0
1 458 4295 138
2 2262 3475
2 3705 3705
2 4335 4335
2 1744 4181
1 975 4615 144
1 15 4545 142
2 237 2266
2 3989 3989
1 76 4886 43
1 13 4934 43
2 1677 3699
2 2998 2998
1 2049 4155 143
2 4659 4659
2 3977 4374
1 644 4915 143
1 1564 3611 0
2 841 1475
2 558 558
2 4080 4665
2 890 1482
1 291 4529 142
2 3529 3529
1 406 4358 43
1 126 4981 142
1 253 3379 144
2 3613 3613
2 337 2263
1 214 4719 142
2 1507 4729
2 4511 4511
2 3774 3774
2 906 4674
2 1444 1444
2 309 2417
2 1389 3503
2 4080 4080
1 1661 4319 144
2 273 4740
2 1314 1314
2 1243 1243
1 95 3169 103
1 349 4243 145
1 659 3261 0
1 726 3094 144
1 361 2756 142
2 1057 1107
1 128 4987 41
2 4713 4731
1 2031 4523 144
2 2382 2382
2 3416 3723
2 1317 4624
2 778 2110
1 1258 3387 144
1 52 4945 142
2 1143 2998
2 1243 4653
1 85 3754 142
1 175 4985 103
1 1187 4520 11
1 24 4983 43
2 998 998
1 189 3073 145
1 1643 4715 145
2 1662 4760
2 1487 3980
2 1750 1750
1 588 2638 142
2 1445 2651
2 933 3924
1 291 3977 145
1 1503 3817 145
1 2566 4983 145
2 2945 3581
1 513 4667 11
2 2587 4463
2 3295 3295
2 3035 3035
1 351 4457 10
1 636 4675 146
2 1371 1371
2 1885 1885
2 2134 2134
1 409 4190 146
1 725 4572 11
2 929 4333
1 207 2419 122
1 295 4281 146
2 4071 4071
1 1323 3812 142
2 4475 4475
2 2469 2469
2 3188 3188
2 1050 4851
1 212 2593 41
2 2498 2498
1 198 2994 43
2 3116 3116
1 1387 4470 42
1 1928 4393 43
2 869 869
2 1400 2409
1 106 4337 41
1 185 3993 142
1 1702 4210 43
1 11 4962 147
2 1818 4881
2 1836 1836
2 4997 4997
2 3170 3170
2 848 1445
1 744 4963 40
1 1570 4705 147
1 783 4914 11
1 131 2898 142
1 804 4517 10
2 822 1836
1 497 4104 41
1 1709 4822 147
1 3176 4884 0
1 1738 4844 43
1 356 2977 43
1 436 4945 42
1 415 4705 44
1 1575 4856 148
2 232 232
2 3081 3090
1 30 4767 43
2 2588 2588
2 1001 1036
1 305 4892 8
2 212 243
2 3389 4738
2 600 600
1 349 4711 0
2 224 224
1 452 4452 0
2 4627 4627
1 1772 3956 147
2 344 1033
1 441 2656 43
1 122 4320 43
2 1622 1622
2 910 4677
2 49 1553
1 354 4842 10
2 2154 4329
1 236 3790 148
1 714 3257 42
2 519 1209
2 151 151
1 119 3941 148
2 1660 3283
2 1501 1501
2 325 325
1 1552 4818 147
2 2974 3339
1 1016 3208 0
2 2639 2639
1 139 4882 148
1 13 2239 148
2 282 2899
2 1124 1124
1 16 3960 147
2 4320 4320
1 385 4949 149
2 2227 2227
1 1761 3994 149
1 109 4991 0
2 2243 3676
2 3846 4010
1 334 4427 148
1 877 3885 10
1 540 4258 42
2 1020 3387
2 1503 1503
1 117 4889 149
1 169 3741 148
1 505 2947 10
1 120 3341 42
1 520 4581 43
2 4561 4561
1 27 3595 6
2 2152 2152
1 1208 4867 42
1 408 4506 43
2 3701 3701
2 278 4841
2 2647 4914
2 439 439
1 11 4970 42
1 801 4424 147
1 323 4867 10
1 157 4877 6
1 192 2562 45
1 34 4805 148
2 474 3549
2 1174 1819
2 2792 2792
1 84 4789 10
2 2853 2853
1 361 3283 148
2 2474 2474
1 306 4934 45
2 3534 3534
2 2126 4593
2 4274 4274
1 244 2170 150
2 1317 1317
2 2400 2400
2 482 482
2 3327 3415
1 431 4976 150
1 1612 4695 150
1 857 4997 11
1 185 4937 150
1 413 2578 151
1 901 4758 45
2 630 630
1 810 4943 150
1 1238 4474 150
1 2249 4714 150
1 833 3392 41
1 284 3441 150
2 3088 3359
1 81 3257 151
1 360 4875 45
2 2497 3038
2 375 898
2 1617 4898
1 78 4038 45
2 1776 1776
1 7 4995 147
1 2501 4794 151
2 993 993
1 921 3267 10
1 1 4976 11
2 490 490
2 4075 4075
1 910 3845 152
1 344 4886 152
1 1236 4142 147
2 569 569
2 2593 3953
1 1310 4659 0
1 410 3930 45
2 2318 2318
1 585 4972 152
1 1662 4815 11
1 297 4830 151
2 2054 2305
2 391 391
2 566 566
2 1457 1457
1 982 3868 39
2 972 972
1 1694 3555 147
1 1016 4468 45
2 1149 3490
1 1205 4888 10
1 143 2632 151
1 105 4304 10
1 590 4806 10
1 536 4431 10
1 280 4678 151
2 650 1705
1 21 4963 153
1 2225 4490 10
2 314 314
1 219 3012 10
1 1595 4494 151
2 1863 4806
2 2675 2675
1 86 4431 10
1 493 4976 10
2 2569 2569
1 187 4767 147
1 214 4845 153
1 410 3165 153
2 216 216
2 3598 3598
2 320 1232
2 1850 2305
1 2388 4193 45
1 639 4945 45
1 246 4553 10
2 213 2808
2 2756 2756
2 1336 3148
2 2679 3016
2 24 24
1 546 4858 140
2 2379 3498
2 1483 1483
1 95 3618 10
2 237 2154
2 3411 3411
2 2844 2844
2 1206 2254
1 1058 4983 45
1 432 4371 140
2 296 296
1 797 4417 45
1 605 2731 154
1 1201 4352 10
1 529 4963 12
1 473 3626 45
1 1656 3879 107
1 192 4813 154
1 1740 4325 154
1 750 3124 45
2 2208 2208
2 61 2310
1 107 4800 153
2 1038 3218
1 1972 4907 153
2 818 919
2 777 3364
2 2166 2166
2 4203 4203
1 57 4490 41
2 4662 4662
2 2809 2809
2 813 1592
2 3635 3635
1 121 4264 154
1 46 4798 45
2 884 2161
1 77 4787 45
1 1016 4902 43
2 2628 2628
1 973 3490 153
1 1308 3523 154
1 306 3600 153
1 655 4964 41
1 820 4630 155
2 3332 3882
2 377 3596
2 2266 2266
1 1042 4450 155
2 243 243
1 417 4312 155
1 465 3450 46
2 4099 4099
1 94 3569 12
1 499 2951 153
2 3241 4370
1 327 4453 10
1 222 4900 10
2 2080 2080
1 126 4648 46
1 1018 3652 153
1 6 3786 46
2 318 635
1 1662 4528 46
1 714 4170 156
2 3869 3869
2 82 82
1 239 4587 155
1 137 4907 10
2 4108 4108
1 1893 3909 12
2 225 225
1 147 4167 12
2 4894 4894
2 3202 3830
1 24 4377 147
1 474 2958 11
1 382 4422 155
2 4156 4156
1 99 4661 156
1 160 4685 156
1 222 3986 147
2 2103 2103
2 1952 3994
1 658 4694 147
2 1950 1950
2 1383 3863
2 1661 1661
1 155 4875 157
2 1551 1551
1 68 4745 157
2 461 2582
1 305 3688 157
2 4455 4455
2 1860 1860
1 561 2549 156
1 726 3040 147
1 384 2233 11
2 4268 4268
1 789 4772 155
1 1938 4606 156
1 2677 4948 47
1 1054 4877 11
2 226 226
2 873 3278
1 76 4429 155
1 45 2170 46
2 2284 4123
1 1000 4775 11
2 4873 4873
2 3263 3263
1 1686 4642 155
1 2150 4292 47
2 1283 4714
1 254 4302 46
2 1610 1610
1 2177 4633 103
1 148 3607 158
2 2621 3095
2 3484 3484
2 3340 4352
1 1993 4091 124
1 1487 3856 11
1 38 4812 158
2 48 48
2 586 1166
2 3897 3897
2 429 1258
1 85 2196 47
2 816 816
1 151 2748 11
2 2927 2927
2 2000 2000
1 517 3562 11
2 495 495
2 2766 2766
2 1185 1185
1 430 2114 158
1 772 3260 0
2 2675 2675
1 710 4021 47
2 1615 1615
1 75 4840 155
1 22 4781 11
2 3902 3902
2 3374 3374
2 872 4780
2 2321 4245
2 3912 3912
1 419 2767 155
1 854 4768 153
1 239 4901 159
2 362 362
2 3811 3811
1 311 3952 158
2 698 3199
1 1063 4493 0
1 650 4592 0
2 52 52
1 305 4359 11
2 1 3939
2 4156 4847
2 2200 5000
2 4084 4084
1 152 2796 159
1 39 4605 0
2 908 2997
1 803 4697 159
1 2229 4921 158
2 341 813
1 334 3116 47
2 1847 3999
1 1887 3993 46
2 653 653
2 3045 3045
2 3863 3863
2 4681 4681
2 4229 4229
2 4823 4823
2 648 1520
2 1630 2038
2 4197 4197
2 4856 4856
2 4186 4777
2 2016 2016
2 4088 4088
2 2 775
1 631 3549 47
2 2087 2087
2 1287 1287
1 706 4335 47
1 2014 3816 47
2 3644 3644
2 1350 1350
1 96 4215 159
2 3845 3845
2 903 2278
1 184 4282 46
1 1926 3809 48
1 263 4049 159
2 1878 4535
1 2232 4478 158
2 869 869
1 377 4583 46
1 229 3202 168
2 3613 3811
2 768 768
2 1282 1282
2 4660 4660
2 2506 2506
2 2175 2175
2 1901 4368
2 2697 3597
1 110 1881 47
1 2248 4728 158
1 1349 4350 160
1 605 4911 160
1 756 4923 160
2 561 3177
1 1283 3990 10
2 220 220
1 343 3507 160
2 951 951
1 824 4319 160
2 1161 1762
2 2304 4960
1 1205 4593 161
2 811 811
2 2543 3708
2 2719 2887
1 845 3971 10
2 379 2849
2 1823 3733
1 110 2061 12
2 2738 4636
2 4953 4953
1 1014 2731 161
2 3998 3998
1 15 4319 41
2 179 4596
2 101 101
2 385 2558
2 857 1548
2 3243 4905
2 3691 4773
1 784 2822 48
1 200 3695 160
1 167 3257 158
2 3359 4756
2 2596 4982
2 3419 3419
2 566 811
2 3050 3050
1 160 4495 35
2 3181 3181
1 374 4258 160
2 2814 4735
2 1187 1187
2 1503 1503
1 1278 4060 158
2 1908 1908
1 546 3863 160
2 996 996
2 552 552
1 720 4973 161
1 13 3850 160
2 2343 2343
2 1801 1801
2 2544 2544
1 677 4721 162
2 1081 1081
2 4613 4613
2 592 592
1 220 4024 12
1 39 4502 161
2 4068 4202
2 3479 3479
1 217 2954 153
2 3608 3608
1 548 3006 162
1 1209 4994 160
1 2106 4113 158
1 127 4731 0
2 1775 1775
1 2299 4731 11
1 1540 3729 158
2 3477 3477
2 4007 4007
1 46 2134 35
2 28 28
1 391 3433 162
1 2684 4362 35
1 14 3621 160
2 3326 3326
2 3182 3182
2 3370 3370
1 2407 4971 45
1 163 4226 163
1 1126 3250 163
1 529 2446 158
1 1577 3248 163
2 938 938
1 644 3842 48
2 2387 4666
1 417 4476 160
2 4572 4572
1 858 3559 35
2 747 2880
1 1346 4483 35
1 1302 3292 35
1 700 4605 12
1 780 4680 158
2 1191 4431
2 1663 1663
2 230 2904
1 575 4716 162
2 320 4289
1 153 1964 162
1 288 4887 0
2 4621 4621
2 402 402
1 586 4829 12
1 674 4817 162
1 915 4269 0
2 311 311
2 923 1320
1 51 3909 0
2 2951 3020
2 1645 1645
1 1564 3255 158
2 2485 3550
1 502 4765 158
1 91 3193 162
1 168 4772 164
2 3896 4861
2 1861 3817
2 1077 4093
2 273 926
1 3188 4974 0
1 1115 4473 49
1 2216 4572 49
2 4854 4854
1 250 4503 12
1 13 4495 164
1 2087 4031 164
2 233 233
1 1153 4857 162
1 136 4382 49
2 404 404
2 4243 4243
1 872 4582 49
2 2062 2062
2 4220 4220
1 1358 4039 166
2 2715 3570
1 1067 2888 162
1 127 2575 165
2 3327 4342
1 409 3918 165
2 21 370
1 52 4916 165
1 1292 3152 48
1 70 4574 12
2 2444 3117
2 1617 1636
2 4474 4474
1 1213 4260 48
2 2376 3985
2 526 4151
1 1118 4305 164
2 3941 3941
2 1236 2142
2 1425 3115
2 2026 2026
1 1723 4631 164
2 958 958
2 1398 2369
2 640 640
1 147 3669 42
2 371 2344
2 3645 3645
2 1459 2638
2 525 3132
2 4997 4997
1 2294 4693 164
2 4620 4620
2 1736 1941
1 132 2156 12
2 514 514
1 43 2848 164
1 430 4598 49
2 1509 4128
2 2146 2146
2 3053 3893
1 686 3492 164
1 1292 4647 166
2 1276 4484
2 1862 1862
1 824 4971 164
1 75 3979 12
2 417 417
1 1559 4760 0
2 2213 2213
2 2176 2176
1 274 4477 166
1 1034 3248 42
1 917 4815 164
1 9 4916 166
2 768 1724
1 189 4965 42
2 1647 2214
1 337 4076 164
2 4431 4760
2 454 954
2 430 2530
1 2633 4876 140
1 1732 3858 164
2 2674 3821
1 69 4836 167
2 55 4222
2 3443 3443
1 402 3455 152
2 3630 4639
2 3514 3514
1 2094 3879 50
2 1082 1320
2 980 980
1 264 4531 166
1 19 4823 140
2 775 2723
1 127 1987 167
2 2997 3068
2 362 362
2 4924 4924
1 267 4929 164
2 1034 4792
2 3402 4673
1 277 4956 166
