200 1000
0 1
1 2
2 3
3 4
4 5
5 6
6 7
7 8
8 9
9 10
10 11
11 12
12 13
13 14
14 15
15 16
16 17
17 18
18 19
19 20
20 21
21 22
22 23
23 24
24 25
25 26
26 27
27 28
28 29
29 30
30 31
31 32
32 33
33 34
34 35
35 36
36 37
37 38
38 39
39 40
40 41
41 42
42 43
43 44
44 45
45 46
46 47
47 48
48 49
49 50
50 51
51 52
52 53
53 54
54 55
55 56
56 57
57 58
58 59
59 60
60 61
61 62
62 63
63 64
64 65
65 66
66 67
67 68
68 69
69 70
70 71
71 72
72 73
73 74
74 75
75 76
76 77
77 78
78 79
79 80
80 81
81 82
82 83
83 84
84 85
85 86
86 87
87 88
88 89
89 90
90 91
91 92
92 93
93 94
94 95
95 96
96 97
97 98
98 99
99 100
100 101
101 102
102 103
103 104
104 105
105 106
106 107
107 108
108 109
109 110
110 111
111 112
112 113
113 114
114 115
115 116
116 117
117 118
118 119
119 120
120 121
121 122
122 123
123 124
124 125
125 126
126 127
127 128
128 129
129 130
130 131
131 132
132 133
133 134
134 135
135 136
136 137
137 138
138 139
139 140
140 141
141 142
142 143
143 144
144 145
145 146
146 147
147 148
148 149
149 150
150 151
151 152
152 153
153 154
154 155
155 156
156 157
157 158
158 159
159 160
160 161
161 162
162 163
163 164
164 165
165 166
166 167
167 168
168 169
169 170
170 171
171 172
172 173
173 174
174 175
175 176
176 177
177 178
178 179
179 180
180 181
181 182
182 183
183 184
184 185
185 186
186 187
187 188
188 189
189 190
190 191
191 192
192 193
193 194
194 195
195 196
196 197
197 198
198 199
73 184
61 52
175 106
66 111
24 29
38 141
97 0
183 176
22 161
190 81
146 129
160 153
46 67
73 98
157 42
70 143
189 124
98 149
96 195
196 65
57 32
160 127
67 102
112 167
190 139
169 164
7 172
55 4
82 129
4 63
167 104
4 177
109 58
5 122
172 63
163 90
178 99
157 190
61 182
177 34
117 14
62 139
171 138
153 72
150 55
26 31
124 81
164 87
111 74
141 76
124 97
142 105
49 94
85 134
45 104
66 121
24 39
110 199
80 133
152 59
197 48
68 99
36 13
57 104
46 9
164 199
123 140
151 120
41 32
148 171
109 194
68 179
158 91
73 188
104 181
71 76
181 18
158 49
13 18
59 108
197 32
190 25
55 132
150 153
127 2
6 117
69 172
4 79
99 162
120 53
8 181
184 33
189 28
191 186
115 112
173 82
113 46
106 71
58 37
156 177
109 32
30 115
152 37
52 91
90 113
64 139
26 81
106 93
139 120
40 109
78 37
100 137
10 137
23 8
56 173
150 11
57 194
96 187
22 43
9 82
97 46
38 161
146 69
176 23
71 124
26 63
66 103
82 57
9 98
77 12
82 199
69 142
4 57
172 113
6 175
168 59
185 46
120 85
43 14
2 93
145 84
47 196
37 120
167 8
108 53
84 185
125 182
51 176
131 166
187 54
91 106
166 147
151 84
118 109
33 70
88 49
37 12
174 127
99 104
190 61
153 16
129 156
147 106
59 90
187 148
123 14
157 30
43 56
28 171
180 111
63 28
130 1
192 123
42 197
134 63
139 32
100 133
151 158
2 67
25 48
103 58
79 116
31 12
26 95
21 96
21 44
111 68
152 21
101 4
162 57
83 72
149 18
176 189
144 153
61 68
51 58
100 185
33 30
163 152
85 8
12 71
169 90
61 102
165 122
20 173
146 51
7 164
56 81
83 36
39 26
185 86
38 3
33 2
1 104
172 27
49 34
193 106
164 161
78 43
15 170
125 62
69 100
53 60
119 54
45 72
143 100
78 61
84 17
22 81
160 195
52 123
9 172
181 170
108 173
97 54
155 82
0 39
105 98
137 26
34 141
101 52
191 174
91 148
20 111
39 100
169 72
126 85
1 56
167 66
154 71
64 187
97 190
162 77
24 197
21 74
87 180
82 97
84 73
147 194
34 107
199 66
82 113
181 48
31 56
24 93
69 158
185 106
77 64
161 152
185 60
189 112
15 142
178 167
128 91
98 131
161 110
97 154
196 7
23 36
170 93
68 103
110 189
118 135
153 172
97 138
14 25
108 191
1 140
36 7
44 101
45 60
28 71
35 178
82 171
12 141
125 110
105 60
12 23
1 32
167 140
116 5
11 78
6 11
179 58
66 83
29 150
71 88
5 2
182 63
196 111
110 61
48 1
75 54
17 194
162 43
139 18
102 173
137 144
75 16
189 40
136 153
196 173
94 119
117 108
48 93
139 4
70 91
14 97
115 130
179 30
107 154
192 19
181 176
106 189
193 68
138 15
163 150
58 73
2 69
28 111
28 147
22 185
158 153
190 75
89 158
128 77
172 11
64 39
53 132
132 107
157 146
130 189
180 167
36 53
106 59
74 189
100 61
46 93
119 12
124 9
112 151
143 156
50 75
140 65
26 187
196 35
11 70
80 77
166 71
81 174
81 182
126 121
29 98
5 42
104 51
1 162
64 185
28 197
0 49
143 76
181 6
166 13
121 114
0 145
3 100
98 33
30 127
130 53
60 55
94 43
129 92
152 85
51 66
128 189
134 101
109 62
158 199
26 79
51 116
163 50
147 178
110 185
116 29
180 61
186 197
122 39
189 62
4 89
194 127
156 25
99 64
27 4
46 191
99 124
38 99
116 119
99 78
89 106
86 31
66 107
62 195
152 77
129 6
171 124
98 71
24 31
49 108
109 30
91 168
73 156
95 18
83 142
180 129
68 15
59 110
179 152
156 105
126 39
20 57
77 142
30 59
72 103
102 149
182 109
174 89
167 126
113 62
107 192
190 145
168 61
19 154
95 146
84 143
42 129
186 127
26 179
55 30
138 151
156 21
62 171
14 177
80 3
116 17
0 59
145 182
175 32
39 54
145 70
79 76
77 60
180 99
135 82
34 39
37 84
81 38
72 47
15 134
193 118
173 12
149 184
87 66
178 165
115 104
63 128
108 119
64 169
3 10
24 69
63 60
133 30
165 42
179 146
134 97
35 8
101 112
133 60
96 149
40 105
35 110
23 30
24 87
8 147
31 2
125 114
124 57
95 176
165 196
12 115
197 38
73 116
148 19
90 141
10 81
130 27
107 160
117 162
186 121
1 174
76 1
192 83
130 195
119 82
32 153
176 185
83 62
111 172
154 31
56 19
0 23
67 38
74 65
54 173
134 193
2 61
187 86
193 92
45 96
63 136
112 195
194 155
176 97
41 18
137 146
153 186
27 104
7 34
110 67
48 115
90 111
188 41
67 96
3 140
92 187
19 22
33 102
183 132
169 102
159 86
99 188
147 38
157 192
122 65
195 38
119 4
121 130
126 71
77 194
120 51
177 74
10 161
188 11
135 178
147 96
132 1
15 74
5 144
165 118
72 165
142 169
1 74
19 130
69 30
185 18
182 9
164 101
181 74
90 83
80 25
68 63
73 6
127 54
120 33
10 5
10 117
136 97
59 122
108 37
52 63
80 191
96 27
150 31
63 154
185 88
58 47
44 71
6 91
31 6
100 85
31 80
90 53
104 101
1 114
129 110
193 26
145 110
157 104
92 123
84 129
105 180
111 10
199 192
51 108
185 108
99 130
188 199
3 112
51 128
162 91
139 100
118 37
136 59
196 103
124 151
163 82
100 123
176 7
13 112
56 25
149 118
156 139
11 36
171 30
68 165
18 15
48 105
21 130
95 140
42 113
1 34
44 9
154 35
131 24
97 12
55 98
75 72
145 64
97 166
74 41
100 159
16 25
107 88
87 168
82 7
188 183
15 42
54 57
10 39
21 158
26 139
130 67
155 128
41 112
34 117
108 7
172 85
6 41
67 160
87 22
80 27
26 89
55 192
107 196
196 15
95 178
153 162
191 172
167 50
117 68
117 12
99 142
70 61
138 121
72 179
141 36
87 162
23 80
36 55
71 132
121 54
174 197
121 78
150 73
166 69
23 126
41 96
191 16
147 168
77 74
111 80
27 146
155 92
180 153
25 8
83 64
47 194
32 27
168 163
147 58
40 95
60 51
140 27
42 109
43 182
186 143
160 151
160 171
132 101
6 69
89 132
47 12
191 126
87 188
199 96
85 124
102 123
111 128
168 125
121 16
46 41
84 171
97 58
15 26
45 166
160 39
105 36
150 49
191 194
190 109
5 140
101 114
129 32
195 64
55 160
118 81
99 140
42 7
76 121
12 73
96 177
171 156
110 135
127 188
182 153
178 15
119 194
69 50
142 109
74 147
105 112
189 36
163 38
150 21
82 11
73 20
120 29
44 61
111 106
85 194
103 26
199 62
34 13
14 107
119 70
68 49
84 175
0 89
31 144
40 5
69 106
141 40
85 136
127 124
136 197
11 57
171 38
142 9
70 149
67 124
132 113
72 141
5 32
